9.999907e-01 -2.617115e-03 -3.436372e-03 -4.362198e-05 2.609796e-03 9.999943e-01 -2.132713e-03 -5.425536e-03 3.441935e-03 2.123725e-03 9.999918e-01 6.796743e-01
9.999686e-01 -1.375270e-03 -7.803209e-03 -3.398287e-03 1.343607e-03 9.999908e-01 -4.061412e-03 -2.482067e-03 7.808723e-03 4.050800e-03 9.999613e-01 1.375866e+00
9.999331e-01 -1.116097e-03 -1.150876e-02 -2.336437e-02 1.055504e-03 9.999856e-01 -5.269701e-03 -1.186350e-02 1.151447e-02 5.257201e-03 9.999199e-01 2.092185e+00
9.998636e-01 3.858403e-04 -1.651005e-02 -4.269161e-02 -4.840123e-04 9.999822e-01 -5.942612e-03 -1.856358e-02 1.650746e-02 5.949793e-03 9.998460e-01 2.823032e+00
9.997711e-01 -8.059486e-04 -2.137781e-02 -5.490150e-02 6.698694e-04 9.999795e-01 -6.371838e-03 -2.653694e-02 2.138250e-02 6.356059e-03 9.997512e-01 3.571206e+00
9.996686e-01 9.979394e-04 -2.572350e-02 -9.027527e-02 -1.197847e-03 9.999692e-01 -7.757177e-03 -3.343241e-02 2.571496e-02 7.785419e-03 9.996390e-01 4.339519e+00
9.995225e-01 3.631279e-03 -3.068594e-02 -1.238874e-01 -3.913794e-03 9.999505e-01 -9.151607e-03 -2.833575e-02 3.065119e-02 9.267335e-03 9.994872e-01 5.114826e+00
9.993839e-01 3.740627e-03 -3.489760e-02 -1.623854e-01 -4.014229e-03 9.999617e-01 -7.773375e-03 -2.965678e-02 3.486719e-02 7.908673e-03 9.993607e-01 5.899169e+00
9.991874e-01 2.869813e-03 -4.020362e-02 -1.805096e-01 -3.065806e-03 9.999837e-01 -4.814207e-03 -4.668996e-02 4.018915e-02 4.933551e-03 9.991799e-01 6.713428e+00
9.990237e-01 2.432292e-03 -4.411094e-02 -2.131561e-01 -2.539196e-03 9.999940e-01 -2.367671e-03 -5.333811e-02 4.410492e-02 2.477366e-03 9.990238e-01 7.535367e+00
9.988706e-01 3.959079e-03 -4.734750e-02 -2.498241e-01 -4.117445e-03 9.999862e-01 -3.247711e-03 -5.953359e-02 4.733399e-02 3.438994e-03 9.988732e-01 8.357053e+00
9.987373e-01 3.532469e-03 -5.011384e-02 -2.847889e-01 -3.755081e-03 9.999835e-01 -4.348668e-03 -5.487413e-02 5.009765e-02 4.531359e-03 9.987340e-01 9.187238e+00
9.986586e-01 6.439401e-04 -5.177467e-02 -3.364838e-01 -9.334508e-04 9.999841e-01 -5.567758e-03 -5.732941e-02 5.177026e-02 5.608618e-03 9.986433e-01 1.002176e+01
9.985336e-01 6.272060e-04 -5.413166e-02 -3.779577e-01 -8.938579e-04 9.999876e-01 -4.901917e-03 -6.807286e-02 5.412791e-02 4.943115e-03 9.985218e-01 1.086866e+01
9.984812e-01 -2.482275e-04 -5.509303e-02 -4.380530e-01 -7.286930e-05 9.999830e-01 -5.826179e-03 -7.631934e-02 5.509354e-02 5.821345e-03 9.984642e-01 1.172173e+01
9.984338e-01 1.852631e-03 -5.591571e-02 -5.411711e-01 -2.268487e-03 9.999702e-01 -7.374646e-03 -1.069767e-01 5.590038e-02 7.489940e-03 9.984083e-01 1.261442e+01
9.983372e-01 2.216325e-03 -5.760221e-02 -5.922806e-01 -2.789094e-03 9.999474e-01 -9.865026e-03 -1.212264e-01 5.757732e-02 1.000928e-02 9.982909e-01 1.347619e+01
9.982424e-01 6.608892e-03 -5.889344e-02 -6.673759e-01 -7.262660e-03 9.999143e-01 -1.089375e-02 -1.466167e-01 5.881640e-02 1.130233e-02 9.982048e-01 1.434592e+01
9.981752e-01 7.241289e-03 -5.994779e-02 -7.280194e-01 -7.903328e-03 9.999103e-01 -1.081385e-02 -1.557191e-01 5.986411e-02 1.126791e-02 9.981429e-01 1.523818e+01
9.981658e-01 6.770912e-03 -6.016024e-02 -8.135760e-01 -7.314512e-03 9.999343e-01 -8.820244e-03 -1.836860e-01 6.009657e-02 9.244108e-03 9.981498e-01 1.612951e+01
9.981048e-01 7.901421e-03 -6.102807e-02 -8.835563e-01 -8.369993e-03 9.999374e-01 -7.426147e-03 -2.003572e-01 6.096558e-02 7.922878e-03 9.981084e-01 1.702859e+01
9.980608e-01 7.650339e-03 -6.177485e-02 -9.483378e-01 -8.156204e-03 9.999352e-01 -7.940846e-03 -2.062585e-01 6.171010e-02 8.429295e-03 9.980585e-01 1.793856e+01
9.979889e-01 7.398149e-03 -6.295616e-02 -1.016879e+00 -8.005308e-03 9.999238e-01 -9.397380e-03 -2.118276e-01 6.288184e-02 9.882464e-03 9.979720e-01 1.883753e+01
9.979872e-01 5.747595e-03 -6.315426e-02 -1.099578e+00 -6.495596e-03 9.999111e-01 -1.164510e-02 -2.029694e-01 6.308171e-02 1.203189e-02 9.979358e-01 1.974533e+01
9.979657e-01 5.932174e-03 -6.347632e-02 -1.162594e+00 -6.559768e-03 9.999316e-01 -9.683227e-03 -2.282411e-01 6.341453e-02 1.007992e-02 9.979364e-01 2.066302e+01
9.979194e-01 7.469988e-03 -6.403965e-02 -1.209470e+00 -7.934163e-03 9.999440e-01 -6.996995e-03 -2.347916e-01 6.398380e-02 7.490538e-03 9.979228e-01 2.158485e+01
9.979250e-01 8.381892e-03 -6.383860e-02 -1.263920e+00 -8.622167e-03 9.999567e-01 -3.489225e-03 -2.474170e-01 6.380659e-02 4.032412e-03 9.979541e-01 2.252741e+01
9.980645e-01 7.573533e-03 -6.172431e-02 -1.343299e+00 -7.772293e-03 9.999654e-01 -2.980667e-03 -2.245372e-01 6.169960e-02 3.454638e-03 9.980888e-01 2.346863e+01
9.981472e-01 7.758339e-03 -6.034803e-02 -1.404357e+00 -7.894144e-03 9.999668e-01 -2.012281e-03 -2.422963e-01 6.033042e-02 2.484949e-03 9.981754e-01 2.441289e+01
9.981899e-01 8.426543e-03 -5.954677e-02 -1.459576e+00 -8.748855e-03 9.999484e-01 -5.154099e-03 -2.501995e-01 5.950027e-02 5.665736e-03 9.982122e-01 2.536031e+01
9.982120e-01 9.195603e-03 -5.906087e-02 -1.512485e+00 -9.810371e-03 9.999006e-01 -1.012755e-02 -2.601193e-01 5.896187e-02 1.068885e-02 9.982030e-01 2.631706e+01
9.982399e-01 8.489530e-03 -5.869517e-02 -1.558453e+00 -9.240573e-03 9.998787e-01 -1.253610e-02 -2.895460e-01 5.858162e-02 1.305641e-02 9.981972e-01 2.727251e+01
9.982768e-01 5.746578e-03 -5.839841e-02 -1.606097e+00 -6.417777e-03 9.999154e-01 -1.131239e-02 -3.150601e-01 5.832846e-02 1.166769e-02 9.982293e-01 2.824065e+01
9.982401e-01 3.836841e-03 -5.917682e-02 -1.648429e+00 -4.199458e-03 9.999732e-01 -6.004536e-03 -3.480618e-01 5.915220e-02 6.242480e-03 9.982295e-01 2.921896e+01
9.981645e-01 -4.399190e-04 -6.055893e-02 -1.694931e+00 2.311018e-04 9.999940e-01 -3.455125e-03 -3.542718e-01 6.056009e-02 3.434788e-03 9.981586e-01 3.019583e+01
9.980662e-01 -7.070060e-03 -6.175652e-02 -1.745417e+00 6.725584e-03 9.999607e-01 -5.784059e-03 -3.524453e-01 6.179498e-02 5.357525e-03 9.980745e-01 3.117544e+01
9.978890e-01 -8.529790e-03 -6.438034e-02 -1.777810e+00 7.894960e-03 9.999177e-01 -1.010858e-02 -3.645805e-01 6.446127e-02 9.578965e-03 9.978742e-01 3.215917e+01
9.977674e-01 -7.819088e-03 -6.632498e-02 -1.837263e+00 6.907632e-03 9.998787e-01 -1.396050e-02 -3.872964e-01 6.642609e-02 1.347118e-02 9.977004e-01 3.314723e+01
9.977294e-01 -6.192620e-03 -6.706423e-02 -1.938013e+00 5.227451e-03 9.998804e-01 -1.455765e-02 -4.125155e-01 6.714636e-02 1.417402e-02 9.976425e-01 3.411204e+01
9.976326e-01 -6.023627e-03 -6.850430e-02 -1.994573e+00 5.125152e-03 9.998986e-01 -1.328379e-02 -4.332676e-01 6.857737e-02 1.290125e-02 9.975624e-01 3.510535e+01
9.975592e-01 -2.298098e-03 -6.978802e-02 -2.071366e+00 1.519536e-03 9.999360e-01 -1.120713e-02 -4.476093e-01 6.980931e-02 1.107373e-02 9.974989e-01 3.610251e+01
9.974479e-01 -1.299609e-03 -7.138602e-02 -2.146539e+00 5.083864e-04 9.999383e-01 -1.110077e-02 -4.372482e-01 7.139604e-02 1.103615e-02 9.973870e-01 3.708213e+01
9.973453e-01 -3.589747e-04 -7.281690e-02 -2.215027e+00 -2.648324e-04 9.999634e-01 -8.556954e-03 -4.538621e-01 7.281730e-02 8.553522e-03 9.973086e-01 3.806963e+01
9.972969e-01 -1.117776e-03 -7.346848e-02 -2.277228e+00 6.924047e-04 9.999829e-01 -5.815063e-03 -4.716484e-01 7.347372e-02 5.748475e-03 9.972806e-01 3.905582e+01
9.972078e-01 4.059100e-03 -7.456600e-02 -2.352576e+00 -4.372415e-03 9.999823e-01 -4.039086e-03 -4.700183e-01 7.454828e-02 4.353842e-03 9.972079e-01 4.005979e+01
9.971561e-01 3.992281e-03 -7.525745e-02 -2.426677e+00 -4.354161e-03 9.999797e-01 -4.645092e-03 -4.856234e-01 7.523738e-02 4.959565e-03 9.971533e-01 4.105658e+01
9.971301e-01 4.290638e-03 -7.558521e-02 -2.499122e+00 -4.858504e-03 9.999613e-01 -7.330646e-03 -4.873007e-01 7.555083e-02 7.676839e-03 9.971124e-01 4.205706e+01
9.970319e-01 5.496898e-03 -7.679320e-02 -2.560446e+00 -6.122972e-03 9.999499e-01 -7.919667e-03 -5.341679e-01 7.674581e-02 8.366363e-03 9.970156e-01 4.305736e+01
9.969325e-01 1.508470e-02 -7.679895e-02 -2.683275e+00 -1.583639e-02 9.998324e-01 -9.188148e-03 -4.911418e-01 7.664748e-02 1.037618e-02 9.970043e-01 4.441318e+01
9.968452e-01 1.331840e-02 -7.824459e-02 -2.755450e+00 -1.401136e-02 9.998673e-01 -8.313980e-03 -5.101813e-01 7.812347e-02 9.384064e-03 9.968995e-01 4.541361e+01
9.967037e-01 1.369963e-02 -7.996244e-02 -2.825046e+00 -1.436683e-02 9.998666e-01 -7.774550e-03 -5.240626e-01 7.984527e-02 8.897730e-03 9.967676e-01 4.641288e+01
9.965366e-01 1.589957e-02 -8.162123e-02 -2.879490e+00 -1.691992e-02 9.997869e-01 -1.182458e-02 -5.366102e-01 8.141583e-02 1.316465e-02 9.965933e-01 4.739402e+01
9.963781e-01 1.682553e-02 -8.335190e-02 -2.944956e+00 -1.812934e-02 9.997245e-01 -1.491006e-02 -5.811131e-01 8.307806e-02 1.636717e-02 9.964086e-01 4.834741e+01
9.963271e-01 1.806939e-02 -8.370050e-02 -3.037963e+00 -1.947131e-02 9.996830e-01 -1.596323e-02 -6.086929e-01 8.338551e-02 1.753436e-02 9.963631e-01 4.930322e+01
9.963250e-01 1.658291e-02 -8.403265e-02 -3.119156e+00 -1.770594e-02 9.997634e-01 -1.263666e-02 -6.365486e-01 8.380321e-02 1.407810e-02 9.963829e-01 5.030270e+01
9.962458e-01 1.470437e-02 -8.531212e-02 -3.178035e+00 -1.563750e-02 9.998249e-01 -1.027992e-02 -6.559234e-01 8.514602e-02 1.157539e-02 9.963012e-01 5.128475e+01
9.962379e-01 1.302732e-02 -8.567531e-02 -3.259198e+00 -1.393739e-02 9.998525e-01 -1.003273e-02 -6.777762e-01 8.553198e-02 1.118908e-02 9.962726e-01 5.224466e+01
9.962871e-01 9.784247e-03 -8.553527e-02 -3.350019e+00 -1.083235e-02 9.998717e-01 -1.179794e-02 -6.963492e-01 8.540886e-02 1.268069e-02 9.962653e-01 5.319368e+01
9.962905e-01 7.202218e-03 -8.575182e-02 -3.440103e+00 -8.330594e-03 9.998833e-01 -1.280805e-02 -7.309243e-01 8.564956e-02 1.347491e-02 9.962342e-01 5.415661e+01
9.961725e-01 5.927197e-03 -8.720811e-02 -3.516414e+00 -6.999311e-03 9.999036e-01 -1.199310e-02 -7.521915e-01 8.712861e-02 1.255759e-02 9.961179e-01 5.510481e+01
9.960635e-01 2.521710e-03 -8.860643e-02 -3.592500e+00 -3.264271e-03 9.999608e-01 -8.236536e-03 -7.724855e-01 8.858218e-02 8.493348e-03 9.960327e-01 5.605853e+01
9.959087e-01 6.284139e-04 -9.036274e-02 -3.653959e+00 -1.025296e-03 9.999900e-01 -4.345750e-03 -7.774342e-01 9.035911e-02 4.420619e-03 9.958994e-01 5.701032e+01
9.958430e-01 1.749562e-03 -9.106950e-02 -3.743188e+00 -1.947743e-03 9.999959e-01 -2.087311e-03 -7.984458e-01 9.106547e-02 2.256014e-03 9.958424e-01 5.795290e+01
9.956944e-01 2.877829e-03 -9.265240e-02 -3.833544e+00 -3.388738e-03 9.999799e-01 -5.357402e-03 -8.283247e-01 9.263512e-02 5.648310e-03 9.956841e-01 5.888036e+01
9.955707e-01 5.019270e-03 -9.388130e-02 -3.927687e+00 -6.264724e-03 9.998962e-01 -1.297625e-02 -8.490992e-01 9.380642e-02 1.350691e-02 9.954988e-01 5.979309e+01
9.954436e-01 6.584961e-03 -9.512477e-02 -4.013997e+00 -8.327063e-03 9.998046e-01 -1.792852e-02 -8.650166e-01 9.498812e-02 1.863894e-02 9.953039e-01 6.070664e+01
9.952515e-01 1.102309e-02 -9.671047e-02 -4.103509e+00 -1.268945e-02 9.997811e-01 -1.663227e-02 -8.906112e-01 9.650597e-02 1.778049e-02 9.951736e-01 6.160916e+01
9.955410e-01 1.741827e-02 -9.270732e-02 -4.417938e+00 -1.856531e-02 9.997612e-01 -1.152459e-02 -1.045102e+00 9.248445e-02 1.319434e-02 9.956267e-01 6.260534e+01
9.953910e-01 1.956962e-02 -9.388174e-02 -4.508816e+00 -2.057911e-02 9.997402e-01 -9.796555e-03 -1.072511e+00 9.366564e-02 1.168341e-02 9.955352e-01 6.347624e+01
9.952603e-01 2.008821e-02 -9.514960e-02 -4.596907e+00 -2.114434e-02 9.997254e-01 -1.010440e-02 -1.091016e+00 9.492049e-02 1.206839e-02 9.954117e-01 6.431482e+01
9.950344e-01 2.166444e-02 -9.714510e-02 -4.671481e+00 -2.269620e-02 9.996970e-01 -9.528304e-03 -1.104663e+00 9.690924e-02 1.168581e-02 9.952246e-01 6.517250e+01
9.948402e-01 2.191153e-02 -9.905953e-02 -4.736404e+00 -2.289630e-02 9.996990e-01 -8.815184e-03 -1.126488e+00 9.883656e-02 1.103780e-02 9.950425e-01 6.599587e+01
9.947204e-01 2.159370e-02 -1.003243e-01 -4.837221e+00 -2.260427e-02 9.997045e-01 -8.947103e-03 -1.128683e+00 1.001014e-01 1.116762e-02 9.949146e-01 6.680492e+01
9.947253e-01 2.055426e-02 -1.004941e-01 -4.990603e+00 -2.151468e-02 9.997325e-01 -8.482432e-03 -1.129051e+00 1.002928e-01 1.059979e-02 9.949015e-01 6.766687e+01
9.943965e-01 2.255210e-02 -1.032812e-01 -5.023364e+00 -2.333383e-02 9.997075e-01 -6.366813e-03 -1.119034e+00 1.031074e-01 8.741082e-03 9.946318e-01 6.842571e+01
9.941820e-01 2.428952e-02 -1.049388e-01 -5.106177e+00 -2.464885e-02 9.996939e-01 -2.128518e-03 -1.140479e+00 1.048550e-01 4.702755e-03 9.944764e-01 6.921000e+01
9.938620e-01 2.767643e-02 -1.071087e-01 -5.182014e+00 -2.781461e-02 9.996131e-01 2.038477e-04 -1.168536e+00 1.070729e-01 2.776591e-03 9.942473e-01 6.998404e+01
9.936334e-01 3.060802e-02 -1.084247e-01 -5.280260e+00 -3.113511e-02 9.995102e-01 -3.171382e-03 -1.195849e+00 1.082745e-01 6.527005e-03 9.940996e-01 7.073783e+01
9.934904e-01 3.143658e-02 -1.094924e-01 -5.370514e+00 -3.269190e-02 9.994185e-01 -9.688260e-03 -1.232406e+00 1.091242e-01 1.320471e-02 9.939404e-01 7.145918e+01
9.933802e-01 3.097531e-02 -1.106180e-01 -5.468953e+00 -3.293887e-02 9.993298e-01 -1.596724e-02 -1.238570e+00 1.100493e-01 1.950518e-02 9.937347e-01 7.218497e+01
9.933275e-01 3.181620e-02 -1.108522e-01 -5.562188e+00 -3.396030e-02 9.992698e-01 -1.750740e-02 -1.242737e+00 1.102143e-01 2.115516e-02 9.936827e-01 7.288450e+01
9.928752e-01 3.408384e-02 -1.141806e-01 -5.588264e+00 -3.589640e-02 9.992595e-01 -1.385565e-02 -1.263243e+00 1.136238e-01 1.785560e-02 9.933634e-01 7.357607e+01
9.922996e-01 3.387479e-02 -1.191383e-01 -5.589277e+00 -3.554001e-02 9.992976e-01 -1.187988e-02 -1.287166e+00 1.186522e-01 1.602258e-02 9.928066e-01 7.425199e+01
9.922122e-01 3.089156e-02 -1.206679e-01 -5.655327e+00 -3.300336e-02 9.993344e-01 -1.554130e-02 -1.309930e+00 1.201075e-01 1.940271e-02 9.925713e-01 7.489217e+01
9.921739e-01 2.307558e-02 -1.227130e-01 -5.674597e+00 -2.583669e-02 9.994465e-01 -2.095686e-02 -1.348606e+00 1.221615e-01 2.396335e-02 9.922209e-01 7.551599e+01
9.922662e-01 1.968154e-02 -1.225579e-01 -5.726877e+00 -2.301643e-02 9.994007e-01 -2.585459e-02 -1.374739e+00 1.219756e-01 2.847548e-02 9.921245e-01 7.611732e+01
9.925815e-01 2.253915e-02 -1.194739e-01 -5.806621e+00 -2.579511e-02 9.993349e-01 -2.577625e-02 -1.395730e+00 1.188134e-01 2.866687e-02 9.925027e-01 7.670790e+01
9.929001e-01 2.741378e-02 -1.157491e-01 -5.880152e+00 -3.015456e-02 9.993032e-01 -2.199400e-02 -1.422650e+00 1.150655e-01 2.532820e-02 9.930350e-01 7.728461e+01
9.932559e-01 2.573439e-02 -1.130510e-01 -5.904996e+00 -2.806935e-02 9.994233e-01 -1.911081e-02 -1.444419e+00 1.124940e-01 2.215519e-02 9.934054e-01 7.785686e+01
9.938705e-01 2.054974e-02 -1.086240e-01 -5.942869e+00 -2.240447e-02 9.996228e-01 -1.588189e-02 -1.447669e+00 1.082566e-01 1.821820e-02 9.939560e-01 7.842470e+01
9.947526e-01 1.588817e-02 -1.010682e-01 -5.979507e+00 -1.726772e-02 9.997691e-01 -1.278947e-02 -1.470383e+00 1.008416e-01 1.446758e-02 9.947973e-01 7.896282e+01
9.956440e-01 1.984423e-02 -9.110062e-02 -6.013906e+00 -2.110298e-02 9.996944e-01 -1.287472e-02 -1.481620e+00 9.081729e-02 1.474113e-02 9.957585e-01 7.948860e+01
9.968289e-01 2.526535e-02 -7.545674e-02 -6.069316e+00 -2.633188e-02 9.995665e-01 -1.317293e-02 -1.489001e+00 7.509121e-02 1.511807e-02 9.970621e-01 7.998655e+01
9.978831e-01 3.059151e-02 -5.738921e-02 -6.102467e+00 -3.132546e-02 9.994380e-01 -1.193312e-02 -1.503994e+00 5.699190e-02 1.370561e-02 9.982806e-01 8.047678e+01
9.989692e-01 2.918682e-02 -3.476703e-02 -6.114924e+00 -2.958490e-02 9.995018e-01 -1.099089e-02 -1.519920e+00 3.442892e-02 1.200813e-02 9.993350e-01 8.095983e+01
9.996239e-01 2.613320e-02 -8.310232e-03 -6.103129e+00 -2.621589e-02 9.996063e-01 -1.000195e-02 -1.532361e+00 8.045577e-03 1.021605e-02 9.999154e-01 8.142484e+01
9.994381e-01 2.522897e-02 2.206549e-02 -6.087780e+00 -2.505528e-02 9.996531e-01 -8.113199e-03 -1.548321e+00 -2.226253e-02 7.555783e-03 9.997236e-01 8.188483e+01
9.981507e-01 2.539457e-02 5.522947e-02 -6.044602e+00 -2.502560e-02 9.996597e-01 -7.362119e-03 -1.545710e+00 -5.539764e-02 5.966354e-03 9.984465e-01 8.233933e+01
9.953110e-01 2.586687e-02 9.320336e-02 -5.984186e+00 -2.540824e-02 9.996585e-01 -6.104263e-03 -1.567569e+00 -9.332943e-02 3.707507e-03 9.956284e-01 8.279171e+01
9.905030e-01 2.622715e-02 1.349664e-01 -5.897403e+00 -2.566094e-02 9.996531e-01 -5.933418e-03 -1.575790e+00 -1.350752e-01 2.413705e-03 9.908324e-01 8.323006e+01
9.832627e-01 2.639485e-02 1.802715e-01 -5.784469e+00 -2.537411e-02 9.996463e-01 -7.966319e-03 -1.553374e+00 -1.804180e-01 3.258755e-03 9.835846e-01 8.366690e+01
9.728120e-01 2.816074e-02 2.298778e-01 -5.663395e+00 -2.675919e-02 9.995995e-01 -9.212717e-03 -1.580244e+00 -2.300452e-01 2.810896e-03 9.731759e-01 8.408076e+01
9.587009e-01 2.848257e-02 2.829866e-01 -5.509370e+00 -2.576822e-02 9.995793e-01 -1.331008e-02 -1.568756e+00 -2.832467e-01 5.468328e-03 9.590315e-01 8.446992e+01
9.372527e-01 2.876798e-02 3.474620e-01 -5.368705e+00 -2.191290e-02 9.994803e-01 -2.364318e-02 -1.464528e+00 -3.479616e-01 1.454574e-02 9.373959e-01 8.501531e+01
9.140429e-01 2.786413e-02 4.046592e-01 -5.155881e+00 -1.982945e-02 9.995145e-01 -2.403413e-02 -1.490845e+00 -4.051325e-01 1.394406e-02 9.141517e-01 8.538530e+01
8.831911e-01 2.697060e-02 4.682371e-01 -4.957773e+00 -1.634189e-02 9.995086e-01 -2.674784e-02 -1.483711e+00 -4.687285e-01 1.597157e-02 8.831979e-01 8.583141e+01
8.484906e-01 2.632791e-02 5.285552e-01 -4.715060e+00 -1.223421e-02 9.994707e-01 -3.014513e-02 -1.447411e+00 -5.290691e-01 1.911141e-02 8.483635e-01 8.620665e+01
8.112517e-01 2.691077e-02 5.840774e-01 -4.474591e+00 -1.085772e-02 9.994614e-01 -3.096838e-02 -1.454219e+00 -5.845962e-01 1.878141e-02 8.111070e-01 8.650317e+01
7.718080e-01 2.664999e-02 6.352970e-01 -4.202503e+00 -8.394869e-03 9.994613e-01 -3.172753e-02 -1.424353e+00 -6.358003e-01 1.915433e-02 7.716159e-01 8.676253e+01
7.239445e-01 2.959846e-02 6.892230e-01 -3.950718e+00 -1.308537e-02 9.994886e-01 -2.917814e-02 -1.480948e+00 -6.897341e-01 1.210462e-02 7.239616e-01 8.712432e+01
6.704839e-01 3.001419e-02 7.413167e-01 -3.670155e+00 -1.089995e-02 9.994720e-01 -3.060784e-02 -1.456454e+00 -7.418440e-01 1.244174e-02 6.704570e-01 8.752463e+01
6.229849e-01 2.732133e-02 7.817566e-01 -3.362862e+00 -8.632859e-03 9.995691e-01 -2.805402e-02 -1.486493e+00 -7.821862e-01 1.072844e-02 6.229524e-01 8.771997e+01
5.732152e-01 2.079134e-02 8.191410e-01 -3.038352e+00 -1.177265e-03 9.996979e-01 -2.455039e-02 -1.468253e+00 -8.194040e-01 1.310831e-02 5.730665e-01 8.794591e+01
5.250322e-01 2.485633e-02 8.507193e-01 -2.705085e+00 -9.747212e-04 9.995903e-01 -2.860448e-02 -1.463875e+00 -8.510818e-01 1.418906e-02 5.248413e-01 8.812223e+01
4.767521e-01 3.029992e-02 8.785154e-01 -2.363891e+00 -3.062156e-03 9.994569e-01 -3.280941e-02 -1.489089e+00 -8.790325e-01 1.295181e-02 4.765860e-01 8.828389e+01
4.299193e-01 3.224414e-02 9.022914e-01 -2.036030e+00 -3.737877e-03 9.994171e-01 -3.393400e-02 -1.530144e+00 -9.028596e-01 1.121623e-02 4.297892e-01 8.842322e+01
3.845540e-01 2.605953e-02 9.227346e-01 -1.676906e+00 5.527296e-04 9.995948e-01 -2.846054e-02 -1.531537e+00 -9.231023e-01 1.145464e-02 3.843838e-01 8.856801e+01
3.391581e-01 1.366312e-02 9.406302e-01 -1.247924e+00 2.054580e-02 9.995484e-01 -2.192702e-02 -1.318429e+00 -9.405050e-01 2.676272e-02 3.387242e-01 8.874916e+01
3.009946e-01 1.302761e-02 9.535368e-01 -7.800340e-01 5.077933e-02 9.982691e-01 -2.966783e-02 -9.096926e-01 -9.522729e-01 5.734982e-02 2.998121e-01 8.889194e+01
2.604412e-01 1.786513e-02 9.653244e-01 -3.955375e-01 5.923487e-02 9.976496e-01 -3.444473e-02 -8.556137e-01 -9.636709e-01 6.615169e-02 2.587708e-01 8.909532e+01
2.411952e-01 3.189917e-02 9.699522e-01 7.693530e-02 6.137288e-02 9.969577e-01 -4.804873e-02 -8.663667e-01 -9.685341e-01 7.111789e-02 2.385037e-01 8.900276e+01
2.129661e-01 3.802054e-02 9.763196e-01 5.538490e-01 6.383201e-02 9.965665e-01 -5.273278e-02 -8.869342e-01 -9.749723e-01 7.355073e-02 2.098080e-01 8.907582e+01
1.770299e-01 3.962302e-02 9.834076e-01 1.003767e+00 6.606482e-02 9.964573e-01 -5.204159e-02 -9.268263e-01 -9.819857e-01 7.418156e-02 1.737850e-01 8.926509e+01
1.529352e-01 3.427924e-02 9.876415e-01 1.420312e+00 6.996866e-02 9.965145e-01 -4.542178e-02 -9.519823e-01 -9.857562e-01 7.605055e-02 1.500037e-01 8.930064e+01
1.222543e-01 2.800049e-02 9.921038e-01 1.866337e+00 6.671096e-02 9.971095e-01 -3.636238e-02 -1.131223e+00 -9.902543e-01 7.062965e-02 1.200330e-01 8.945139e+01
1.028860e-01 2.902766e-02 9.942695e-01 2.335488e+00 7.437034e-02 9.965518e-01 -3.679006e-02 -1.119932e+00 -9.919090e-01 7.772934e-02 1.003724e-01 8.947753e+01
8.697581e-02 3.289059e-02 9.956673e-01 2.919002e+00 7.393847e-02 9.964851e-01 -3.937644e-02 -1.138685e+00 -9.934628e-01 7.704292e-02 8.423823e-02 8.951954e+01
7.137133e-02 3.599792e-02 9.968000e-01 3.459967e+00 6.906955e-02 9.967714e-01 -4.094230e-02 -1.180754e+00 -9.950555e-01 7.177064e-02 6.865453e-02 8.955636e+01
5.640413e-02 3.472164e-02 9.978041e-01 3.937205e+00 6.576655e-02 9.970953e-01 -3.841464e-02 -1.195463e+00 -9.962396e-01 6.778888e-02 5.395677e-02 8.957794e+01
4.226126e-02 3.302687e-02 9.985606e-01 4.482784e+00 6.384515e-02 9.973215e-01 -3.568795e-02 -1.216562e+00 -9.970646e-01 6.526147e-02 4.003946e-02 8.963294e+01
3.160201e-02 2.835502e-02 9.990982e-01 5.079534e+00 6.282859e-02 9.975643e-01 -3.029879e-02 -1.231989e+00 -9.975239e-01 6.372944e-02 2.974353e-02 8.964255e+01
2.219076e-02 2.686567e-02 9.993927e-01 5.553016e+00 6.325966e-02 9.975980e-01 -2.822206e-02 -1.269491e+00 -9.977504e-01 6.384751e-02 2.043794e-02 8.959875e+01
1.522753e-02 2.793668e-02 9.994937e-01 6.046249e+00 6.329065e-02 9.975781e-01 -2.884738e-02 -1.304609e+00 -9.978790e-01 6.369788e-02 1.342252e-02 8.953943e+01
9.665843e-03 2.648927e-02 9.996024e-01 6.661466e+00 6.372135e-02 9.976010e-01 -2.705240e-02 -1.325472e+00 -9.979209e-01 6.395750e-02 7.954723e-03 8.953751e+01
4.391334e-03 2.479905e-02 9.996828e-01 7.232928e+00 6.516380e-02 9.975605e-01 -2.503265e-02 -1.328485e+00 -9.978649e-01 6.525306e-02 2.764621e-03 8.952435e+01
8.966095e-04 4.086998e-03 9.999912e-01 7.846754e+00 7.315015e-02 9.973123e-01 -4.141637e-03 -9.403090e-01 -9.973205e-01 7.315323e-02 5.952352e-04 8.947841e+01
-4.406128e-03 3.847245e-03 9.999829e-01 8.579536e+00 7.335914e-02 9.972994e-01 -3.513686e-03 -9.715779e-01 -9.972959e-01 7.334240e-02 -4.676460e-03 8.952574e+01
-8.784206e-03 4.991869e-03 9.999490e-01 9.443216e+00 7.288360e-02 9.973310e-01 -4.338543e-03 -1.045892e+00 -9.973018e-01 7.284177e-02 -9.124586e-03 8.960111e+01
-1.182084e-02 4.531397e-03 9.999199e-01 1.008382e+01 7.256675e-02 9.973568e-01 -3.661914e-03 -1.047911e+00 -9.972935e-01 7.251765e-02 -1.211843e-02 8.959209e+01
-1.464669e-02 2.893797e-03 9.998885e-01 1.071355e+01 7.184196e-02 9.974143e-01 -1.834273e-03 -1.057008e+00 -9.973085e-01 7.180708e-02 -1.481671e-02 8.958951e+01
-1.538930e-02 -1.023409e-03 9.998811e-01 1.134348e+01 7.129776e-02 9.974528e-01 2.118277e-03 -1.071187e+00 -9.973364e-01 7.132188e-02 -1.527713e-02 8.955078e+01
-1.449266e-02 -4.986279e-03 9.998825e-01 1.201545e+01 7.094702e-02 9.974620e-01 6.002540e-03 -1.069720e+00 -9.973748e-01 7.102568e-02 -1.410211e-02 8.953307e+01
-1.183032e-02 -6.541928e-03 9.999086e-01 1.270806e+01 7.125929e-02 9.974306e-01 7.368813e-03 -1.059957e+00 -9.973877e-01 7.133995e-02 -1.133375e-02 8.951947e+01
-7.672708e-03 -9.247942e-03 9.999278e-01 1.344076e+01 7.172845e-02 9.973763e-01 9.774735e-03 -1.050094e+00 -9.973947e-01 7.179827e-02 -6.989237e-03 8.950538e+01
-3.722016e-03 -1.032123e-02 9.999398e-01 1.418090e+01 7.122045e-02 9.974047e-01 1.056017e-02 -1.046905e+00 -9.974537e-01 7.125547e-02 -2.977274e-03 8.951529e+01
1.877890e-04 -1.257632e-02 9.999209e-01 1.493545e+01 6.976240e-02 9.974849e-01 1.253258e-02 -1.037676e+00 -9.975636e-01 6.975453e-02 1.064671e-03 8.951691e+01
4.582219e-03 -1.282969e-02 9.999072e-01 1.569109e+01 6.878335e-02 9.975535e-01 1.248428e-02 -1.018984e+00 -9.976211e-01 6.871976e-02 5.453478e-03 8.951392e+01
9.081253e-03 -9.605361e-03 9.999126e-01 1.645522e+01 6.657622e-02 9.977409e-01 8.979851e-03 -1.020764e+00 -9.977400e-01 6.648886e-02 9.700227e-03 8.952025e+01
1.294947e-02 -9.247879e-03 9.998734e-01 1.725309e+01 6.619872e-02 9.977713e-01 8.371090e-03 -1.004912e+00 -9.977224e-01 6.608194e-02 1.353281e-02 8.954425e+01
1.730857e-02 -6.768677e-03 9.998273e-01 1.805063e+01 6.717798e-02 9.977253e-01 5.591491e-03 -1.003417e+00 -9.975909e-01 6.706960e-02 1.772391e-02 8.956259e+01
2.050253e-02 -4.318539e-03 9.997805e-01 1.887298e+01 7.055000e-02 9.975041e-01 2.861936e-03 -1.030120e+00 -9.972975e-01 7.047584e-02 2.075603e-02 8.959955e+01
2.289409e-02 1.408208e-03 9.997369e-01 1.967768e+01 7.563161e-02 9.971309e-01 -3.136510e-03 -1.028767e+00 -9.968730e-01 7.568352e-02 2.272190e-02 8.961801e+01
2.345172e-02 4.784272e-03 9.997135e-01 2.049225e+01 7.908765e-02 9.968456e-01 -6.625820e-03 -1.030684e+00 -9.965918e-01 7.922038e-02 2.299936e-02 8.963754e+01
2.379704e-02 7.094896e-03 9.996916e-01 2.131297e+01 7.905325e-02 9.968302e-01 -8.956402e-03 -1.033829e+00 -9.965863e-01 7.924201e-02 2.316074e-02 8.966852e+01
2.454726e-02 9.629204e-03 9.996523e-01 2.213994e+01 7.701366e-02 9.969638e-01 -1.149444e-02 -1.052006e+00 -9.967278e-01 7.726904e-02 2.373114e-02 8.968866e+01
2.436902e-02 8.457594e-03 9.996673e-01 2.296409e+01 7.582523e-02 9.970681e-01 -1.028401e-02 -1.073012e+00 -9.968233e-01 7.605061e-02 2.365628e-02 8.971091e+01
2.476977e-02 1.114329e-02 9.996311e-01 2.377984e+01 7.503188e-02 9.970967e-01 -1.297425e-02 -1.094531e+00 -9.968735e-01 7.532557e-02 2.386175e-02 8.974677e+01
2.503467e-02 1.231226e-02 9.996108e-01 2.460361e+01 7.542237e-02 9.970510e-01 -1.416964e-02 -1.115604e+00 -9.968374e-01 7.574774e-02 2.403222e-02 8.978075e+01
2.492821e-02 1.653406e-02 9.995525e-01 2.543534e+01 7.553457e-02 9.969739e-01 -1.837519e-02 -1.155435e+00 -9.968315e-01 7.595883e-02 2.360388e-02 8.982361e+01
3.202805e-02 2.031896e-02 9.992804e-01 2.626683e+01 8.320343e-02 9.962689e-01 -2.292449e-02 -9.010564e-01 -9.960178e-01 8.387778e-02 3.021794e-02 8.955546e+01
3.382841e-02 3.981956e-03 9.994197e-01 2.704705e+01 8.448924e-02 9.964010e-01 -6.829724e-03 -7.959919e-01 -9.958500e-01 8.467125e-02 3.337023e-02 8.951631e+01
3.016844e-02 7.137446e-03 9.995193e-01 2.785568e+01 8.285243e-02 9.965154e-01 -9.616726e-03 -8.136656e-01 -9.961051e-01 8.310273e-02 2.947196e-02 8.954866e+01
2.529868e-02 9.447775e-03 9.996353e-01 2.866499e+01 8.028650e-02 9.967060e-01 -1.145197e-02 -8.310544e-01 -9.964507e-01 8.054694e-02 2.445682e-02 8.958283e+01
2.579971e-02 1.118785e-02 9.996045e-01 2.949031e+01 7.713479e-02 9.969340e-01 -1.314880e-02 -8.724587e-01 -9.966868e-01 7.744352e-02 2.485764e-02 8.937776e+01
1.851538e-02 1.250081e-02 9.997504e-01 3.028603e+01 7.732728e-02 9.969089e-01 -1.389738e-02 -8.925222e-01 -9.968338e-01 7.756529e-02 1.749149e-02 8.939784e+01
9.461396e-03 1.244457e-02 9.998778e-01 3.115127e+01 7.834060e-02 9.968399e-01 -1.314807e-02 -9.188726e-01 -9.968818e-01 7.845543e-02 8.456582e-03 8.942181e+01
-5.444712e-04 1.315451e-02 9.999133e-01 3.193890e+01 7.889969e-02 9.967969e-01 -1.307054e-02 -9.372293e-01 -9.968824e-01 7.888574e-02 -1.580614e-03 8.942095e+01
-1.050796e-02 1.300405e-02 9.998602e-01 3.273525e+01 7.829077e-02 9.968566e-01 -1.214220e-02 -9.442808e-01 -9.968752e-01 7.815224e-02 -1.149302e-02 8.940311e+01
-2.049525e-02 1.461331e-02 9.996831e-01 3.351517e+01 7.727067e-02 9.969255e-01 -1.298881e-02 -9.646776e-01 -9.967995e-01 7.697998e-02 -2.156142e-02 8.937775e+01
-2.986126e-02 1.486348e-02 9.994435e-01 3.432962e+01 7.650216e-02 9.969905e-01 -1.254128e-02 -9.843742e-01 -9.966222e-01 7.608509e-02 -3.090849e-02 8.929862e+01
-4.018631e-02 1.529756e-02 9.990751e-01 3.510049e+01 7.719436e-02 9.969419e-01 -1.215987e-02 -9.873893e-01 -9.962058e-01 7.663431e-02 -4.124430e-02 8.925121e+01
-4.949775e-02 1.648418e-02 9.986382e-01 3.585873e+01 7.875760e-02 9.968148e-01 -1.255044e-02 -9.849046e-01 -9.956642e-01 7.802913e-02 -5.063835e-02 8.917919e+01
-5.957725e-02 1.864862e-02 9.980495e-01 3.663229e+01 8.234337e-02 9.965098e-01 -1.370447e-02 -9.586418e-01 -9.948217e-01 8.136628e-02 -6.090490e-02 8.912909e+01
-6.963809e-02 1.822726e-02 9.974058e-01 3.740669e+01 8.352397e-02 9.964289e-01 -1.237783e-02 -9.710877e-01 -9.940696e-01 8.244533e-02 -7.091182e-02 8.906603e+01
-7.957965e-02 1.818215e-02 9.966627e-01 3.812896e+01 8.379278e-02 9.964170e-01 -1.148714e-02 -9.983099e-01 -9.933005e-01 8.259900e-02 -8.081805e-02 8.901913e+01
-8.870203e-02 1.848527e-02 9.958867e-01 3.887519e+01 8.448928e-02 9.963640e-01 -1.096881e-02 -1.012311e+00 -9.924684e-01 8.316879e-02 -8.994132e-02 8.893638e+01
-9.832871e-02 1.842700e-02 9.949834e-01 3.960021e+01 8.425007e-02 9.963932e-01 -1.012714e-02 -1.038691e+00 -9.915813e-01 8.283163e-02 -9.952653e-02 8.886730e+01
-1.074421e-01 1.749498e-02 9.940574e-01 4.030800e+01 8.192649e-02 9.966005e-01 -8.684769e-03 -1.084418e+00 -9.908301e-01 8.050653e-02 -1.085101e-01 8.879822e+01
-1.151049e-01 1.664632e-02 9.932139e-01 4.102145e+01 8.138060e-02 9.966566e-01 -7.272718e-03 -1.085275e+00 -9.900142e-01 7.999122e-02 -1.160747e-01 8.872080e+01
-1.198969e-01 1.451657e-02 9.926802e-01 4.173820e+01 7.918542e-02 9.968473e-01 -5.013413e-03 -1.100865e+00 -9.896234e-01 7.800471e-02 -1.206684e-01 8.861665e+01
-1.234743e-01 1.192606e-02 9.922761e-01 4.245422e+01 7.658018e-02 9.970604e-01 -2.454281e-03 -1.123056e+00 -9.893885e-01 7.568564e-02 -1.240246e-01 8.851263e+01
-1.262641e-01 1.099001e-02 9.919358e-01 4.315197e+01 7.612168e-02 9.970976e-01 -1.357623e-03 -1.126591e+00 -9.890717e-01 7.533640e-02 -1.267342e-01 8.843239e+01
-1.286220e-01 1.165403e-02 9.916252e-01 4.386017e+01 7.501720e-02 9.971803e-01 -1.988969e-03 -1.157187e+00 -9.888523e-01 7.413312e-02 -1.291335e-01 8.836356e+01
-1.285322e-01 7.272149e-03 9.916787e-01 4.452274e+01 8.331180e-02 9.965174e-01 3.490472e-03 -9.635029e-01 -9.881997e-01 8.306717e-02 -1.286904e-01 8.826906e+01
-1.276172e-01 6.621181e-03 9.918014e-01 4.515418e+01 8.406582e-02 9.964515e-01 4.164705e-03 -9.769697e-01 -9.882544e-01 8.390809e-02 -1.277210e-01 8.818156e+01
-1.250359e-01 5.643452e-03 9.921362e-01 4.580181e+01 8.568001e-02 9.963095e-01 5.130804e-03 -9.892716e-01 -9.884457e-01 8.564777e-02 -1.250580e-01 8.811240e+01
-1.195379e-01 4.864577e-03 9.928177e-01 4.642909e+01 8.605770e-02 9.962751e-01 5.480058e-03 -1.000252e+00 -9.890929e-01 8.609468e-02 -1.195113e-01 8.803787e+01
-1.120523e-01 5.063418e-03 9.936894e-01 4.702781e+01 8.624717e-02 9.962629e-01 4.649041e-03 -1.024593e+00 -9.899524e-01 8.622383e-02 -1.120703e-01 8.798810e+01
-1.010620e-01 5.283099e-03 9.948661e-01 4.760918e+01 8.625288e-02 9.962672e-01 3.471330e-03 -1.041501e+00 -9.911342e-01 8.616089e-02 -1.011404e-01 8.794398e+01
-8.733211e-02 4.962457e-03 9.961669e-01 4.815625e+01 8.611145e-02 9.962822e-01 2.586201e-03 -1.063422e+00 -9.924505e-01 8.600723e-02 -8.743475e-02 8.790382e+01
-7.057564e-02 4.453188e-03 9.974965e-01 4.869286e+01 8.733742e-02 9.961773e-01 1.732066e-03 -1.080513e+00 -9.936756e-01 8.724101e-02 -7.069478e-02 8.788513e+01
-4.910515e-02 4.248319e-03 9.987846e-01 4.921527e+01 8.993559e-02 9.959476e-01 1.854236e-04 -1.096203e+00 -9.947363e-01 8.983539e-02 -4.928823e-02 8.787462e+01
-2.419712e-02 4.044125e-03 9.996990e-01 4.973159e+01 9.253185e-02 9.957081e-01 -1.788302e-03 -1.116579e+00 -9.954157e-01 9.246073e-02 -2.446748e-02 8.787677e+01
4.689411e-03 2.018751e-03 9.999870e-01 5.024422e+01 9.488622e-02 9.954851e-01 -2.454629e-03 -1.117143e+00 -9.954771e-01 9.489650e-02 4.476687e-03 8.789026e+01
3.907454e-02 4.018004e-04 9.992362e-01 5.076833e+01 9.337189e-02 9.956231e-01 -4.051600e-03 -1.138291e+00 -9.948642e-01 9.345889e-02 3.886600e-02 8.791456e+01
7.761153e-02 -3.268275e-03 9.969783e-01 5.128004e+01 9.082148e-02 9.958599e-01 -3.805549e-03 -1.147908e+00 -9.928383e-01 9.084240e-02 7.758704e-02 8.796727e+01
1.213054e-01 -5.668561e-03 9.925991e-01 5.179153e+01 8.693750e-02 9.962015e-01 -4.935481e-03 -1.157539e+00 -9.888007e-01 8.689278e-02 1.213374e-01 8.803210e+01
1.656334e-01 -7.304186e-03 9.861603e-01 5.230701e+01 8.302109e-02 9.965262e-01 -6.563083e-03 -1.159421e+00 -9.826867e-01 8.295918e-02 1.656644e-01 8.816941e+01
2.153315e-01 -8.274291e-03 9.765059e-01 5.280977e+01 8.558731e-02 9.962761e-01 -1.043124e-02 -1.079496e+00 -9.727832e-01 8.582269e-02 2.152378e-01 8.830744e+01
2.701127e-01 -1.006836e-02 9.627761e-01 5.331655e+01 8.229792e-02 9.965273e-01 -1.266786e-02 -1.102533e+00 -9.593051e-01 8.265621e-02 2.700032e-01 8.843804e+01
3.266314e-01 -1.502345e-02 9.450324e-01 5.381344e+01 8.229856e-02 9.965280e-01 -1.260274e-02 -1.117098e+00 -9.415619e-01 8.189126e-02 3.267337e-01 8.861861e+01
3.882136e-01 -2.448147e-02 9.212442e-01 5.428071e+01 9.691279e-02 9.951888e-01 -1.439268e-02 -9.756534e-01 -9.164596e-01 9.486778e-02 3.887184e-01 8.879207e+01
4.527936e-01 -3.400087e-02 8.909668e-01 5.475217e+01 9.963036e-02 9.949439e-01 -1.266380e-02 -1.028379e+00 -8.860315e-01 9.450144e-02 4.538917e-01 8.897245e+01
5.160812e-01 -4.426708e-02 8.553950e-01 5.524517e+01 1.069453e-01 9.941789e-01 -1.307357e-02 -1.019736e+00 -8.498370e-01 9.822751e-02 5.178112e-01 8.924788e+01
5.718611e-01 -4.923035e-02 8.188720e-01 5.560494e+01 1.092859e-01 9.938723e-01 -1.656871e-02 -1.035352e+00 -8.130384e-01 9.896614e-02 5.737370e-01 8.960224e+01
6.313508e-01 -5.371016e-02 7.736352e-01 5.598960e+01 1.112723e-01 9.935502e-01 -2.182953e-02 -1.013199e+00 -7.674729e-01 9.986622e-02 6.332552e-01 8.986392e+01
6.842288e-01 -6.289052e-02 7.265506e-01 5.634608e+01 1.154245e-01 9.930559e-01 -2.274170e-02 -1.001917e+00 -7.200751e-01 9.942230e-02 6.867365e-01 9.021806e+01
7.330867e-01 -7.242135e-02 6.762685e-01 5.668908e+01 1.161056e-01 9.930451e-01 -1.951565e-02 -1.031628e+00 -6.701517e-01 9.282524e-02 7.363967e-01 9.059079e+01
7.770311e-01 -7.801709e-02 6.246087e-01 5.697500e+01 1.133030e-01 9.934173e-01 -1.686880e-02 -1.038736e+00 -6.191810e-01 8.387760e-02 7.807557e-01 9.101025e+01
8.169679e-01 -8.566779e-02 5.702846e-01 5.723729e+01 1.104673e-01 9.938394e-01 -8.957272e-03 -1.078874e+00 -5.660039e-01 7.031559e-02 8.213983e-01 9.144190e+01
8.534646e-01 -9.077482e-02 5.131844e-01 5.750120e+01 1.072699e-01 9.942267e-01 -2.533852e-03 -1.114267e+00 -5.099916e-01 5.721180e-02 8.582747e-01 9.188218e+01
8.837701e-01 -9.631874e-02 4.579008e-01 5.769541e+01 1.109557e-01 9.938123e-01 -5.102726e-03 -1.007487e+00 -4.545759e-01 5.531632e-02 8.889887e-01 9.231376e+01
9.085851e-01 -9.558927e-02 4.066152e-01 5.785138e+01 1.054900e-01 9.944185e-01 -1.945205e-03 -1.034580e+00 -4.041597e-01 4.466124e-02 9.135975e-01 9.275038e+01
9.291173e-01 -9.400076e-02 3.576380e-01 5.803371e+01 1.003888e-01 9.949480e-01 7.070635e-04 -1.072790e+00 -3.558977e-01 3.524591e-02 9.338600e-01 9.319542e+01
9.464391e-01 -8.868089e-02 3.104654e-01 5.827075e+01 9.248242e-02 9.957112e-01 2.485233e-03 -1.116735e+00 -3.093542e-01 2.636047e-02 9.505814e-01 9.365181e+01
9.573606e-01 -8.640445e-02 2.756720e-01 5.835177e+01 9.037740e-02 9.959061e-01 -1.715944e-03 -1.102714e+00 -2.743951e-01 2.655729e-02 9.612502e-01 9.411853e+01
9.655776e-01 -8.510020e-02 2.458004e-01 5.841691e+01 8.901191e-02 9.960189e-01 -4.827081e-03 -1.087313e+00 -2.444110e-01 2.654008e-02 9.693085e-01 9.469003e+01
9.710684e-01 -9.173870e-02 2.204771e-01 5.857178e+01 9.477767e-02 9.954933e-01 -3.221891e-03 -1.105704e+00 -2.191879e-01 2.402499e-02 9.753868e-01 9.522176e+01
9.738137e-01 -9.498900e-02 2.065527e-01 5.864353e+01 9.769032e-02 9.952127e-01 -2.894716e-03 -1.110915e+00 -2.052889e-01 2.299711e-02 9.784312e-01 9.575014e+01
9.765227e-01 -9.042331e-02 1.955172e-01 5.869491e+01 9.314449e-02 9.956413e-01 -4.749120e-03 -1.118648e+00 -1.942356e-01 2.284897e-02 9.806888e-01 9.628230e+01
9.788744e-01 -8.511888e-02 1.859024e-01 5.878108e+01 8.739572e-02 9.961654e-01 -4.071747e-03 -1.153969e+00 -1.848429e-01 2.023280e-02 9.825598e-01 9.675060e+01
9.805803e-01 -7.720599e-02 1.802818e-01 5.884887e+01 7.986764e-02 9.967770e-01 -7.540862e-03 -1.154999e+00 -1.791186e-01 2.179310e-02 9.835861e-01 9.728060e+01
9.816080e-01 -7.288145e-02 1.764486e-01 5.894421e+01 7.632305e-02 9.970011e-01 -1.278800e-02 -1.153066e+00 -1.749874e-01 2.601990e-02 9.842268e-01 9.776490e+01
9.817375e-01 -7.209431e-02 1.760507e-01 5.903118e+01 7.609687e-02 9.969707e-01 -1.608196e-02 -1.158995e+00 -1.743579e-01 2.918517e-02 9.842497e-01 9.828403e+01
9.804216e-01 -7.463142e-02 1.822188e-01 5.908317e+01 7.958003e-02 9.966281e-01 -1.998814e-02 -1.165877e+00 -1.801126e-01 3.409778e-02 9.830548e-01 9.886768e+01
9.792720e-01 -7.903307e-02 1.864941e-01 5.919990e+01 8.574298e-02 9.959187e-01 -2.817886e-02 -1.146246e+00 -1.835059e-01 4.358532e-02 9.820519e-01 9.944749e+01
9.772441e-01 -7.871670e-02 1.969712e-01 5.923563e+01 8.646056e-02 9.957724e-01 -3.101551e-02 -1.197889e+00 -1.936971e-01 4.733996e-02 9.799186e-01 1.001016e+02
9.783584e-01 -5.321225e-02 1.999583e-01 5.939538e+01 6.135809e-02 9.975104e-01 -3.475939e-02 -1.304190e+00 -1.976109e-01 4.627620e-02 9.791877e-01 1.003899e+02
9.774390e-01 -4.936269e-02 2.053687e-01 5.950946e+01 5.693719e-02 9.978922e-01 -3.113421e-02 -1.330489e+00 -2.033990e-01 4.212491e-02 9.781893e-01 1.009893e+02
9.784215e-01 -5.252958e-02 1.998298e-01 5.985070e+01 5.881074e-02 9.979402e-01 -2.562335e-02 -1.356141e+00 -1.980723e-01 3.682258e-02 9.794955e-01 1.016618e+02
9.776273e-01 -5.609320e-02 2.027274e-01 5.999416e+01 6.150038e-02 9.978972e-01 -2.046692e-02 -1.358489e+00 -2.011531e-01 3.247684e-02 9.790213e-01 1.022831e+02
9.775455e-01 -5.770272e-02 2.026703e-01 6.021116e+01 6.183920e-02 9.979861e-01 -1.413189e-02 -1.394282e+00 -2.014467e-01 2.634754e-02 9.791450e-01 1.029614e+02
9.765254e-01 -6.211529e-02 2.062521e-01 6.034848e+01 6.616264e-02 9.977270e-01 -1.277753e-02 -1.405659e+00 -2.049896e-01 2.612376e-02 9.784155e-01 1.036439e+02
9.756703e-01 -6.208757e-02 2.102677e-01 6.008998e+01 6.682649e-02 9.976442e-01 -1.550081e-02 -1.421462e+00 -2.088100e-01 2.917514e-02 9.775209e-01 1.036984e+02
9.755672e-01 -6.438629e-02 2.100550e-01 6.023781e+01 7.058231e-02 9.972605e-01 -2.212695e-02 -1.436946e+00 -2.080548e-01 3.641249e-02 9.774392e-01 1.043765e+02
9.756991e-01 -6.409960e-02 2.095293e-01 6.036537e+01 7.169066e-02 9.970102e-01 -2.882919e-02 -1.452564e+00 -2.070549e-01 4.314991e-02 9.773773e-01 1.050282e+02
9.764988e-01 -6.182939e-02 2.064637e-01 6.050752e+01 6.990268e-02 9.970394e-01 -3.203250e-02 -1.516922e+00 -2.038719e-01 4.571207e-02 9.779298e-01 1.056097e+02
9.768298e-01 -6.387483e-02 2.042636e-01 6.064366e+01 7.092774e-02 9.971054e-01 -2.738812e-02 -1.552043e+00 -2.019229e-01 4.124149e-02 9.785327e-01 1.063391e+02
9.767551e-01 -6.718238e-02 2.035585e-01 6.076132e+01 7.258589e-02 9.971776e-01 -1.918794e-02 -1.587729e+00 -2.016949e-01 3.351739e-02 9.788747e-01 1.070795e+02
9.769176e-01 -6.923378e-02 2.020860e-01 6.081749e+01 7.335226e-02 9.972220e-01 -1.295320e-02 -1.647004e+00 -2.006278e-01 2.747768e-02 9.792821e-01 1.077807e+02
9.773311e-01 -6.709833e-02 2.008030e-01 6.090277e+01 7.126167e-02 9.973654e-01 -1.356899e-02 -1.711480e+00 -1.993635e-01 2.757095e-02 9.795377e-01 1.084950e+02
9.781172e-01 -6.327470e-02 1.981996e-01 6.105094e+01 6.838278e-02 9.974777e-01 -1.902767e-02 -1.734291e+00 -1.964958e-01 3.216474e-02 9.799770e-01 1.092103e+02
9.786849e-01 -6.358167e-02 1.952771e-01 6.117400e+01 6.965462e-02 9.972731e-01 -2.438402e-02 -1.752687e+00 -1.931942e-01 3.746622e-02 9.804449e-01 1.099610e+02
9.793247e-01 -6.546980e-02 1.914078e-01 6.132192e+01 7.197577e-02 9.970346e-01 -2.722976e-02 -1.769543e+00 -1.890574e-01 4.044350e-02 9.811328e-01 1.107244e+02
9.799032e-01 -6.771821e-02 1.876272e-01 6.146430e+01 7.368549e-02 9.969680e-01 -2.500575e-02 -1.805073e+00 -1.853650e-01 3.832862e-02 9.819220e-01 1.114945e+02
9.801166e-01 -7.323052e-02 1.844147e-01 6.158607e+01 7.857628e-02 9.966689e-01 -2.183848e-02 -1.858385e+00 -1.822011e-01 3.589488e-02 9.826059e-01 1.122447e+02
9.803807e-01 -7.427382e-02 1.825843e-01 6.172725e+01 7.910087e-02 9.966800e-01 -1.928825e-02 -1.882637e+00 -1.805455e-01 3.335241e-02 9.830010e-01 1.130445e+02
9.803151e-01 -7.743498e-02 1.816208e-01 6.186656e+01 8.178005e-02 9.965130e-01 -1.654685e-02 -1.909921e+00 -1.797062e-01 3.107409e-02 9.832294e-01 1.138581e+02
9.799922e-01 -8.244160e-02 1.811591e-01 6.202114e+01 8.652789e-02 9.961401e-01 -1.475653e-02 -1.925494e+00 -1.792433e-01 3.013660e-02 9.833431e-01 1.146670e+02
