9.999900e-01 -2.582499e-03 -3.653872e-03 -5.852386e-04 2.573827e-03 9.999939e-01 -2.376095e-03 -4.891246e-04 3.659986e-03 2.366667e-03 9.999905e-01 6.980723e-01
9.999661e-01 -1.561953e-03 -8.080014e-03 -8.460230e-03 1.529929e-03 9.999910e-01 -3.968048e-03 -9.091778e-03 8.086139e-03 3.955552e-03 9.999595e-01 1.410958e+00
9.999305e-01 -1.009513e-03 -1.174623e-02 -2.950245e-02 9.449393e-04 9.999844e-01 -5.501621e-03 -1.598060e-02 1.175160e-02 5.490140e-03 9.999159e-01 2.134639e+00
9.998610e-01 9.333681e-04 -1.664584e-02 -5.162789e-02 -1.034893e-03 9.999809e-01 -6.091561e-03 -2.431694e-02 1.663983e-02 6.107941e-03 9.998429e-01 2.875440e+00
9.997734e-01 1.652322e-04 -2.128818e-02 -7.168610e-02 -2.997369e-04 9.999800e-01 -6.315249e-03 -3.601027e-02 2.128671e-02 6.320199e-03 9.997534e-01 3.628031e+00
9.996707e-01 2.349166e-03 -2.555279e-02 -1.132221e-01 -2.546385e-03 9.999672e-01 -7.688305e-03 -4.272708e-02 2.553389e-02 7.750841e-03 9.996439e-01 4.393943e+00
9.995252e-01 5.219134e-03 -3.036544e-02 -1.564732e-01 -5.476980e-03 9.999496e-01 -8.414456e-03 -4.994972e-02 3.031999e-02 8.576772e-03 9.995034e-01 5.177780e+00
9.993750e-01 5.827392e-03 -3.486531e-02 -1.916591e-01 -6.072758e-03 9.999575e-01 -6.935776e-03 -5.903101e-02 3.482341e-02 7.143170e-03 9.993680e-01 5.986188e+00
9.992120e-01 5.366903e-03 -3.932755e-02 -2.288412e-01 -5.557018e-03 9.999734e-01 -4.726436e-03 -6.608476e-02 3.930114e-02 4.941255e-03 9.992152e-01 6.807570e+00
9.990668e-01 4.585147e-03 -4.294686e-02 -2.672490e-01 -4.687779e-03 9.999864e-01 -2.289334e-03 -7.497674e-02 4.293578e-02 2.488523e-03 9.990747e-01 7.626147e+00
9.989478e-01 6.237521e-03 -4.543503e-02 -3.132503e-01 -6.363807e-03 9.999763e-01 -2.635372e-03 -9.015927e-02 4.541751e-02 2.921739e-03 9.989638e-01 8.447826e+00
9.988214e-01 5.929375e-03 -4.817214e-02 -3.492250e-01 -6.052370e-03 9.999788e-01 -2.407770e-03 -1.107768e-01 4.815684e-02 2.696488e-03 9.988361e-01 9.282597e+00
9.987444e-01 3.353281e-03 -4.998424e-02 -3.944247e-01 -3.509678e-03 9.999892e-01 -3.041497e-03 -1.219288e-01 4.997350e-02 3.213107e-03 9.987454e-01 1.012494e+01
9.986283e-01 3.305743e-03 -5.225568e-02 -4.416696e-01 -3.416890e-03 9.999921e-01 -2.037791e-03 -1.352085e-01 5.224853e-02 2.213547e-03 9.986317e-01 1.097474e+01
9.985750e-01 2.479175e-03 -5.330898e-02 -5.040271e-01 -2.604976e-03 9.999940e-01 -2.290501e-03 -1.533900e-01 5.330298e-02 2.426106e-03 9.985754e-01 1.183307e+01
9.984638e-01 4.706214e-03 -5.520721e-02 -5.668890e-01 -4.942435e-03 9.999792e-01 -4.143062e-03 -1.761591e-01 5.518657e-02 4.409555e-03 9.984663e-01 1.272676e+01
9.983721e-01 4.836388e-03 -5.683154e-02 -6.203216e-01 -5.241283e-03 9.999619e-01 -6.977580e-03 -1.847882e-01 5.679563e-02 7.264091e-03 9.983594e-01 1.360088e+01
9.982637e-01 9.160788e-03 -5.818649e-02 -7.152835e-01 -9.669134e-03 9.999175e-01 -8.460959e-03 -2.031078e-01 5.810418e-02 9.008881e-03 9.982699e-01 1.451720e+01
9.981951e-01 1.031137e-02 -5.916221e-02 -7.904659e-01 -1.082241e-02 9.999068e-01 -8.323936e-03 -2.166553e-01 5.907086e-02 8.949190e-03 9.982137e-01 1.542806e+01
9.981163e-01 9.141287e-03 -6.066607e-02 -8.531203e-01 -9.592983e-03 9.999284e-01 -7.158530e-03 -2.240349e-01 6.059628e-02 7.727014e-03 9.981324e-01 1.633478e+01
9.980247e-01 9.751670e-03 -6.206195e-02 -9.150012e-01 -1.012385e-02 9.999326e-01 -5.685233e-03 -2.425954e-01 6.200232e-02 6.302309e-03 9.980561e-01 1.724273e+01
9.979472e-01 9.515269e-03 -6.333145e-02 -9.663660e-01 -9.905474e-03 9.999338e-01 -5.850181e-03 -2.527908e-01 6.327160e-02 6.465500e-03 9.979754e-01 1.815739e+01
9.978299e-01 9.682616e-03 -6.512885e-02 -1.029464e+00 -1.011931e-02 9.999285e-01 -6.378487e-03 -2.765645e-01 6.506243e-02 7.023704e-03 9.978565e-01 1.906936e+01
9.977465e-01 8.209531e-03 -6.659285e-02 -1.075508e+00 -8.744319e-03 9.999318e-01 -7.743205e-03 -2.824882e-01 6.652474e-02 8.308065e-03 9.977502e-01 1.999315e+01
9.977094e-01 7.688802e-03 -6.720706e-02 -1.138705e+00 -8.108628e-03 9.999493e-01 -5.976204e-03 -3.004243e-01 6.715770e-02 6.507472e-03 9.977212e-01 2.093167e+01
9.976958e-01 9.256220e-03 -6.721153e-02 -1.203628e+00 -9.416433e-03 9.999535e-01 -2.067297e-03 -3.243901e-01 6.718927e-02 2.695426e-03 9.977366e-01 2.187258e+01
9.977001e-01 1.013578e-02 -6.702135e-02 -1.260289e+00 -1.003825e-02 9.999480e-01 1.791767e-03 -3.422526e-01 6.703603e-02 -1.114869e-03 9.977499e-01 2.283063e+01
9.978081e-01 8.958583e-03 -6.556483e-02 -1.325963e+00 -8.688366e-03 9.999526e-01 4.405346e-03 -3.494541e-01 6.560118e-02 -3.826039e-03 9.978386e-01 2.377181e+01
9.979152e-01 9.104039e-03 -6.389395e-02 -1.393462e+00 -8.765418e-03 9.999460e-01 5.578060e-03 -3.658842e-01 6.394128e-02 -5.006373e-03 9.979411e-01 2.471444e+01
9.980027e-01 9.346413e-03 -6.247645e-02 -1.462642e+00 -9.192908e-03 9.999540e-01 2.744003e-03 -3.705296e-01 6.249922e-02 -2.164182e-03 9.980427e-01 2.567211e+01
9.980352e-01 1.037993e-02 -6.178915e-02 -1.524457e+00 -1.051030e-02 9.999432e-01 -1.785289e-03 -3.819524e-01 6.176711e-02 2.431204e-03 9.980876e-01 2.663079e+01
9.981337e-01 9.583050e-03 -6.030958e-02 -1.588691e+00 -9.872734e-03 9.999411e-01 -4.507129e-03 -3.977201e-01 6.026284e-02 5.094138e-03 9.981695e-01 2.759483e+01
9.981928e-01 7.165103e-03 -5.966351e-02 -1.648119e+00 -7.392609e-03 9.999662e-01 -3.593303e-03 -4.118412e-01 5.963575e-02 4.027878e-03 9.982121e-01 2.856850e+01
9.981941e-01 4.797230e-03 -5.987891e-02 -1.718252e+00 -4.719013e-03 9.999878e-01 1.447604e-03 -4.325411e-01 5.988512e-02 -1.162420e-03 9.982046e-01 2.957314e+01
9.981587e-01 8.715133e-05 -6.065646e-02 -1.789193e+00 2.155527e-04 9.999876e-01 4.983905e-03 -4.546279e-01 6.065614e-02 -4.987803e-03 9.981463e-01 3.059258e+01
9.980308e-01 -8.089694e-03 -6.220206e-02 -1.829670e+00 8.367120e-03 9.999562e-01 4.200900e-03 -4.692794e-01 6.216535e-02 -4.713079e-03 9.980547e-01 3.158314e+01
9.979014e-01 -9.603353e-03 -6.403555e-02 -1.879492e+00 9.639773e-03 9.999535e-01 2.598007e-04 -4.828112e-01 6.403008e-02 -8.765436e-04 9.979476e-01 3.257469e+01
9.978054e-01 -9.102251e-03 -6.558558e-02 -1.952903e+00 8.901845e-03 9.999548e-01 -3.347231e-03 -4.973622e-01 6.561308e-02 2.756052e-03 9.978413e-01 3.356528e+01
9.976661e-01 -7.409437e-03 -6.787774e-02 -2.025862e+00 7.145857e-03 9.999660e-01 -4.125140e-03 -5.072750e-01 6.790599e-02 3.630468e-03 9.976851e-01 3.456371e+01
9.975898e-01 -7.754076e-03 -6.895309e-02 -2.097000e+00 7.556513e-03 9.999666e-01 -3.125554e-03 -5.101940e-01 6.897502e-02 2.596976e-03 9.976150e-01 3.556184e+01
9.975357e-01 -3.834184e-03 -7.005547e-02 -2.179154e+00 3.826968e-03 9.999926e-01 -2.372254e-04 -5.265139e-01 7.005587e-02 -3.145930e-05 9.975431e-01 3.656684e+01
9.974617e-01 -3.849519e-03 -7.110125e-02 -2.264207e+00 3.927175e-03 9.999918e-01 9.524269e-04 -5.377787e-01 7.109700e-02 -1.229236e-03 9.974686e-01 3.755687e+01
9.973746e-01 -2.911680e-03 -7.235625e-02 -2.335055e+00 3.216199e-03 9.999865e-01 4.092466e-03 -5.569940e-01 7.234335e-02 -4.314434e-03 9.973705e-01 3.854627e+01
9.973946e-01 -3.019470e-03 -7.207611e-02 -2.413229e+00 3.525551e-03 9.999700e-01 6.895286e-03 -5.637510e-01 7.205313e-02 -7.131429e-03 9.973753e-01 3.955006e+01
9.973473e-01 1.998189e-03 -7.276250e-02 -2.496360e+00 -1.323571e-03 9.999557e-01 9.318539e-03 -5.652538e-01 7.277790e-02 -9.197513e-03 9.973058e-01 4.054879e+01
9.973026e-01 2.093461e-03 -7.336969e-02 -2.571311e+00 -1.445716e-03 9.999595e-01 8.880503e-03 -5.737777e-01 7.338531e-02 -8.750477e-03 9.972653e-01 4.156320e+01
9.973079e-01 2.448650e-03 -7.328662e-02 -2.647656e+00 -1.934156e-03 9.999730e-01 7.090448e-03 -5.757836e-01 7.330201e-02 -6.929612e-03 9.972857e-01 4.256909e+01
9.973014e-01 4.718276e-03 -7.326367e-02 -2.731110e+00 -4.346392e-03 9.999769e-01 5.234576e-03 -5.862155e-01 7.328668e-02 -4.902018e-03 9.972989e-01 4.357177e+01
9.972353e-01 3.587387e-03 -7.422234e-02 -2.810741e+00 -3.230966e-03 9.999827e-01 4.921581e-03 -5.885253e-01 7.423871e-02 -4.668164e-03 9.972296e-01 4.458619e+01
9.971223e-01 1.883922e-03 -7.578635e-02 -2.878654e+00 -1.431132e-03 9.999808e-01 6.028432e-03 -6.034621e-01 7.579625e-02 -5.902624e-03 9.971059e-01 4.558991e+01
9.970734e-01 2.427909e-03 -7.641112e-02 -2.967166e+00 -1.893725e-03 9.999733e-01 7.062601e-03 -6.177853e-01 7.642622e-02 -6.897230e-03 9.970514e-01 4.658668e+01
9.970346e-01 5.767996e-03 -7.673806e-02 -3.053931e+00 -5.484702e-03 9.999773e-01 3.901938e-03 -6.358912e-01 7.675883e-02 -3.469481e-03 9.970437e-01 4.757282e+01
9.969390e-01 6.255962e-03 -7.793245e-02 -3.132103e+00 -6.318562e-03 9.999799e-01 -5.567000e-04 -6.370631e-01 7.792740e-02 1.047417e-03 9.969585e-01 4.855378e+01
9.968601e-01 7.541208e-03 -7.882367e-02 -3.214504e+00 -7.700417e-03 9.999689e-01 -1.716041e-03 -6.544037e-01 7.880827e-02 2.317628e-03 9.968871e-01 4.953525e+01
9.968533e-01 6.359318e-03 -7.901293e-02 -3.298089e+00 -6.238593e-03 9.999790e-01 1.774672e-03 -6.745805e-01 7.902255e-02 -1.276158e-03 9.968720e-01 5.052639e+01
9.968178e-01 4.716235e-03 -7.957461e-02 -3.366730e+00 -4.367628e-03 9.999801e-01 4.554364e-03 -6.921868e-01 7.959451e-02 -4.192319e-03 9.968185e-01 5.150344e+01
9.967667e-01 3.009268e-03 -8.029352e-02 -3.437154e+00 -2.629846e-03 9.999849e-01 4.830774e-03 -7.028904e-01 8.030685e-02 -4.603995e-03 9.967596e-01 5.248900e+01
9.967429e-01 3.133135e-04 -8.064366e-02 -3.520094e+00 -5.105094e-05 9.999947e-01 3.254157e-03 -7.109455e-01 8.064426e-02 -3.239441e-03 9.967377e-01 5.345884e+01
9.966885e-01 -2.593286e-03 -8.127353e-02 -3.603573e+00 2.731907e-03 9.999950e-01 1.594459e-03 -7.230783e-01 8.126899e-02 -1.811210e-03 9.966906e-01 5.442655e+01
9.965852e-01 -4.196909e-03 -8.246447e-02 -3.685181e+00 4.440781e-03 9.999863e-01 2.774102e-03 -7.384918e-01 8.245169e-02 -3.130835e-03 9.965901e-01 5.537483e+01
9.964534e-01 -7.511555e-03 -8.381024e-02 -3.756254e+00 8.068162e-03 9.999476e-01 6.304556e-03 -7.442405e-01 8.375849e-02 -6.958391e-03 9.964618e-01 5.632335e+01
9.963631e-01 -9.219945e-03 -8.470830e-02 -3.833026e+00 1.023692e-02 9.998806e-01 1.157910e-02 -7.617380e-01 8.459142e-02 -1.240414e-02 9.963385e-01 5.727707e+01
9.963217e-01 -8.268687e-03 -8.529149e-02 -3.922347e+00 9.504821e-03 9.998555e-01 1.409716e-02 -7.676629e-01 8.516260e-02 -1.485598e-02 9.962563e-01 5.823813e+01
9.962002e-01 -6.747137e-03 -8.683147e-02 -4.004276e+00 7.654844e-03 9.999194e-01 1.012494e-02 -7.702319e-01 8.675616e-02 -1.075114e-02 9.961716e-01 5.917630e+01
9.961014e-01 -3.974147e-03 -8.812567e-02 -4.094901e+00 4.211169e-03 9.999880e-01 2.503842e-03 -7.774563e-01 8.811466e-02 -2.865193e-03 9.961062e-01 6.010218e+01
9.960484e-01 -2.134232e-03 -8.878620e-02 -4.191241e+00 1.929628e-03 9.999953e-01 -2.390230e-03 -7.775793e-01 8.879088e-02 2.209461e-03 9.960478e-01 6.102287e+01
9.959435e-01 3.101286e-03 -8.992774e-02 -4.289861e+00 -3.236344e-03 9.999938e-01 -1.356083e-03 -7.896313e-01 8.992298e-02 1.641620e-03 9.959474e-01 6.194097e+01
9.958376e-01 5.479080e-03 -9.098063e-02 -4.382519e+00 -5.414294e-03 9.999849e-01 9.588828e-04 -8.035227e-01 9.098451e-02 -4.622956e-04 9.958522e-01 6.285488e+01
9.956978e-01 7.207637e-03 -9.237915e-02 -4.475158e+00 -6.993429e-03 9.999721e-01 2.642294e-03 -8.170078e-01 9.239561e-02 -1.984880e-03 9.957204e-01 6.377742e+01
9.955902e-01 8.006388e-03 -9.346673e-02 -4.572656e+00 -7.806355e-03 9.999664e-01 2.505585e-03 -8.300725e-01 9.348365e-02 -1.764902e-03 9.956193e-01 6.467003e+01
9.954474e-01 9.371775e-03 -9.485039e-02 -4.670298e+00 -9.087916e-03 9.999528e-01 3.424236e-03 -8.420656e-01 9.487801e-02 -2.546655e-03 9.954856e-01 6.555402e+01
9.953172e-01 9.539475e-03 -9.619072e-02 -4.762935e+00 -9.205231e-03 9.999500e-01 3.917968e-03 -8.522890e-01 9.622329e-02 -3.014163e-03 9.953552e-01 6.641232e+01
9.951446e-01 9.354559e-03 -9.797865e-02 -4.839646e+00 -8.950800e-03 9.999495e-01 4.559643e-03 -8.717704e-01 9.801636e-02 -3.660516e-03 9.951781e-01 6.722539e+01
9.950098e-01 9.348225e-03 -9.933831e-02 -4.921393e+00 -8.808881e-03 9.999440e-01 5.866596e-03 -8.869667e-01 9.938759e-02 -4.962261e-03 9.950364e-01 6.803269e+01
9.948738e-01 1.150589e-02 -1.004673e-01 -5.021792e+00 -1.067794e-02 9.999045e-01 8.774822e-03 -8.920170e-01 1.005586e-01 -7.657058e-03 9.949017e-01 6.883505e+01
9.947047e-01 1.262750e-02 -1.019954e-01 -5.107539e+00 -1.135615e-02 9.998505e-01 1.303577e-02 -9.011185e-01 1.021448e-01 -1.180846e-02 9.946995e-01 6.964667e+01
9.944596e-01 1.588039e-02 -1.039127e-01 -5.190273e+00 -1.435293e-02 9.997779e-01 1.543074e-02 -9.211772e-01 1.041347e-01 -1.385379e-02 9.944667e-01 7.043590e+01
9.942886e-01 1.938645e-02 -1.049489e-01 -5.291714e+00 -1.824836e-02 9.997639e-01 1.179371e-02 -9.343268e-01 1.051528e-01 -9.811204e-03 9.944077e-01 7.119658e+01
9.940778e-01 2.059138e-02 -1.067023e-01 -5.362326e+00 -2.020497e-02 9.997848e-01 4.701243e-03 -9.494166e-01 1.067762e-01 -2.517484e-03 9.942799e-01 7.193370e+01
9.939265e-01 2.022856e-02 -1.081706e-01 -5.446264e+00 -2.044596e-02 9.997906e-01 -9.009705e-04 -9.627471e-01 1.081297e-01 3.107150e-03 9.941319e-01 7.264959e+01
9.937930e-01 2.124429e-02 -1.091975e-01 -5.518543e+00 -2.155360e-02 9.997663e-01 -1.652867e-03 -9.815379e-01 1.091369e-01 3.996208e-03 9.940187e-01 7.334697e+01
9.936152e-01 2.385906e-02 -1.102703e-01 -5.596469e+00 -2.383387e-02 9.997147e-01 1.546694e-03 -9.819589e-01 1.102757e-01 1.091349e-03 9.939004e-01 7.402420e+01
9.935080e-01 2.394383e-02 -1.112139e-01 -5.690800e+00 -2.363735e-02 9.997123e-01 4.073574e-03 -1.003514e+00 1.112795e-01 -1.418325e-03 9.937881e-01 7.469135e+01
9.934259e-01 2.121985e-02 -1.124932e-01 -5.759466e+00 -2.125422e-02 9.997737e-01 8.938230e-04 -1.024134e+00 1.124867e-01 1.503009e-03 9.936521e-01 7.533791e+01
9.935003e-01 1.342717e-02 -1.130348e-01 -5.808602e+00 -1.409130e-02 9.998878e-01 -5.078538e-03 -1.040220e+00 1.129539e-01 6.638337e-03 9.935780e-01 7.596004e+01
9.936619e-01 9.926618e-03 -1.119708e-01 -5.875850e+00 -1.109977e-02 9.998898e-01 -9.858761e-03 -1.056183e+00 1.118606e-01 1.103913e-02 9.936626e-01 7.656595e+01
9.939399e-01 1.215742e-02 -1.092505e-01 -5.937464e+00 -1.329484e-02 9.998647e-01 -9.688700e-03 -1.071333e+00 1.091180e-01 1.108245e-02 9.939670e-01 7.715939e+01
9.943025e-01 1.698954e-02 -1.052330e-01 -6.006493e+00 -1.771899e-02 9.998250e-01 -6.000686e-03 -1.086337e+00 1.051127e-01 7.831120e-03 9.944295e-01 7.773970e+01
9.947870e-01 1.489442e-02 -1.008812e-01 -6.059767e+00 -1.528208e-02 9.998785e-01 -3.070964e-03 -1.099813e+00 1.008233e-01 4.596630e-03 9.948937e-01 7.830405e+01
9.954213e-01 1.070491e-02 -9.498317e-02 -6.111157e+00 -1.073918e-02 9.999423e-01 1.503899e-04 -1.101815e+00 9.497930e-02 8.703397e-04 9.954789e-01 7.885399e+01
9.961977e-01 5.812452e-03 -8.692702e-02 -6.147705e+00 -5.552956e-03 9.999794e-01 3.226731e-03 -1.118486e+00 8.694398e-02 -2.731761e-03 9.962095e-01 7.939172e+01
9.970708e-01 9.232808e-03 -7.592505e-02 -6.193775e+00 -8.976069e-03 9.999528e-01 3.722044e-03 -1.133916e+00 7.595583e-02 -3.029633e-03 9.971066e-01 7.991217e+01
9.980189e-01 1.427540e-02 -6.127309e-02 -6.216209e+00 -1.408089e-02 9.998944e-01 3.605107e-03 -1.141017e+00 6.131808e-02 -2.735186e-03 9.981145e-01 8.042633e+01
9.988830e-01 1.913791e-02 -4.320344e-02 -6.235535e+00 -1.894934e-02 9.998091e-01 4.769863e-03 -1.151307e+00 4.328647e-02 -3.945858e-03 9.990549e-01 8.093609e+01
9.996230e-01 1.729395e-02 -2.132405e-02 -6.229199e+00 -1.717473e-02 9.998359e-01 5.761215e-03 -1.161109e+00 2.142018e-02 -5.392809e-03 9.997560e-01 8.142891e+01
9.999023e-01 1.322955e-02 4.503234e-03 -6.199490e+00 -1.326071e-02 9.998878e-01 6.961504e-03 -1.171660e+00 -4.410631e-03 -7.020540e-03 9.999656e-01 8.190812e+01
9.993498e-01 1.202209e-02 3.399300e-02 -6.158861e+00 -1.232509e-02 9.998860e-01 8.718306e-03 -1.175818e+00 -3.388431e-02 -9.131604e-03 9.993840e-01 8.237265e+01
9.976885e-01 1.148080e-02 6.697703e-02 -6.098846e+00 -1.220731e-02 9.998709e-01 1.044794e-02 -1.183317e+00 -6.684844e-02 -1.124140e-02 9.976998e-01 8.284048e+01
9.944846e-01 1.122698e-02 1.042804e-01 -6.020673e+00 -1.244087e-02 9.998621e-01 1.099743e-02 -1.182985e+00 -1.041426e-01 -1.223411e-02 9.944871e-01 8.329235e+01
9.891885e-01 1.091404e-02 1.462426e-01 -5.929419e+00 -1.270375e-02 9.998553e-01 1.130958e-02 -1.186638e+00 -1.460980e-01 -1.304514e-02 9.891841e-01 8.373661e+01
9.815381e-01 9.982045e-03 1.910059e-01 -5.803395e+00 -1.245901e-02 9.998531e-01 1.177145e-02 -1.191839e+00 -1.908604e-01 -1.393387e-02 9.815183e-01 8.416910e+01
9.706150e-01 1.094236e-02 2.403889e-01 -5.671467e+00 -1.384857e-02 9.998500e-01 1.040363e-02 -1.207191e+00 -2.402390e-01 -1.342697e-02 9.706209e-01 8.459026e+01
9.557127e-01 1.049793e-02 2.941139e-01 -5.520977e+00 -1.341480e-02 9.998788e-01 7.901829e-03 -1.208648e+00 -2.939953e-01 -1.149736e-02 9.557377e-01 8.499099e+01
9.364337e-01 1.035366e-02 3.506917e-01 -5.343805e+00 -1.326619e-02 9.998946e-01 5.903586e-03 -1.206881e+00 -3.505936e-01 -1.018066e-02 9.364724e-01 8.538071e+01
9.127847e-01 1.014737e-02 4.083150e-01 -5.119651e+00 -1.239779e-02 9.999190e-01 2.865353e-03 -1.189436e+00 -4.082529e-01 -7.677654e-03 9.128366e-01 8.577744e+01
8.840219e-01 9.569694e-03 4.673475e-01 -4.905405e+00 -1.168887e-02 9.999303e-01 1.635167e-03 -1.187287e+00 -4.672993e-01 -6.908289e-03 8.840722e-01 8.612742e+01
8.503277e-01 6.142441e-03 5.262177e-01 -4.674466e+00 -8.221566e-03 9.999649e-01 1.613022e-03 -1.190922e+00 -5.261893e-01 -5.697931e-03 8.503484e-01 8.646435e+01
8.103067e-01 5.031106e-03 5.859845e-01 -4.381741e+00 -3.575560e-03 9.999870e-01 -3.641292e-03 -1.120022e+00 -5.859952e-01 8.553407e-04 8.103141e-01 8.690163e+01
7.645388e-01 3.369428e-03 6.445689e-01 -4.083732e+00 1.743833e-03 9.999719e-01 -7.295669e-03 -1.039837e+00 -6.445753e-01 6.701843e-03 7.645114e-01 8.735818e+01
7.166362e-01 5.150729e-03 6.974281e-01 -3.782408e+00 7.911570e-04 9.999661e-01 -8.198015e-03 -1.022526e+00 -6.974467e-01 6.426770e-03 7.166078e-01 8.773921e+01
6.672890e-01 4.052608e-03 7.447878e-01 -3.460293e+00 3.629380e-03 9.999556e-01 -8.692775e-03 -9.929309e-01 -7.447900e-01 8.503712e-03 6.672447e-01 8.805598e+01
6.188765e-01 1.816119e-03 7.854862e-01 -3.075398e+00 6.067477e-03 9.999564e-01 -7.092498e-03 -1.013197e+00 -7.854648e-01 9.155300e-03 6.188386e-01 8.830465e+01
5.702263e-01 -2.684138e-03 8.214833e-01 -2.669091e+00 9.738258e-03 9.999465e-01 -3.492483e-03 -1.032652e+00 -8.214299e-01 9.991322e-03 5.702219e-01 8.853323e+01
5.220984e-01 9.547564e-05 8.528852e-01 -2.244338e+00 9.080712e-03 9.999427e-01 -5.670746e-03 -1.056215e+00 -8.528369e-01 1.070549e-02 5.220676e-01 8.874248e+01
4.728093e-01 4.642185e-03 8.811525e-01 -1.839396e+00 7.981239e-03 9.999225e-01 -9.550479e-03 -1.071345e+00 -8.811286e-01 1.154824e-02 4.727356e-01 8.894234e+01
4.252722e-01 7.915629e-03 9.050309e-01 -1.419558e+00 7.801944e-03 9.998925e-01 -1.241143e-02 -1.100795e+00 -9.050319e-01 1.233924e-02 4.251647e-01 8.912336e+01
3.820892e-01 2.086427e-03 9.241231e-01 -1.036088e+00 1.049582e-02 9.999232e-01 -6.597179e-03 -1.115821e+00 -9.240658e-01 1.222014e-02 3.820379e-01 8.923802e+01
3.414714e-01 -1.166579e-02 9.398198e-01 -6.381483e-01 1.348562e-02 9.998809e-01 7.511491e-03 -1.121166e+00 -9.397954e-01 1.010909e-02 3.415880e-01 8.932853e+01
3.061658e-01 -1.527144e-02 9.518557e-01 -2.371052e-01 1.272878e-02 9.998476e-01 1.194719e-02 -1.120059e+00 -9.518931e-01 8.458141e-03 3.063135e-01 8.940232e+01
2.731890e-01 -1.091248e-02 9.618985e-01 2.106940e-01 1.442538e-02 9.998697e-01 7.246300e-03 -1.135270e+00 -9.618522e-01 1.189614e-02 2.733108e-01 8.947337e+01
2.433236e-01 6.770477e-04 9.699449e-01 6.680741e-01 1.660120e-02 9.998504e-01 -4.862555e-03 -1.141492e+00 -9.698031e-01 1.728542e-02 2.432760e-01 8.955040e+01
2.147304e-01 7.257434e-03 9.766464e-01 1.160452e+00 1.792062e-02 9.997748e-01 -1.136942e-02 -1.170423e+00 -9.765089e-01 1.994347e-02 2.145519e-01 8.964076e+01
1.893564e-01 8.356522e-03 9.818729e-01 1.668070e+00 1.903833e-02 9.997446e-01 -1.218021e-02 -1.193691e+00 -9.817238e-01 2.099962e-02 1.891489e-01 8.967245e+01
1.661563e-01 2.903888e-03 9.860952e-01 2.200157e+00 2.262965e-02 9.997211e-01 -6.757093e-03 -1.206750e+00 -9.858397e-01 2.343772e-02 1.660443e-01 8.968268e+01
1.459447e-01 -3.566899e-03 9.892863e-01 2.741875e+00 3.152913e-02 9.995023e-01 -1.047610e-03 -1.197435e+00 -9.887902e-01 3.134423e-02 1.459845e-01 8.971656e+01
1.266095e-01 -3.720745e-03 9.919457e-01 3.377738e+00 3.957140e-02 9.992159e-01 -1.302781e-03 -1.170408e+00 -9.911630e-01 3.941763e-02 1.266575e-01 8.977902e+01
1.087978e-01 -5.543628e-04 9.940637e-01 4.078651e+00 4.058152e-02 9.991687e-01 -3.884338e-03 -1.146688e+00 -9.932352e-01 4.076323e-02 1.087299e-01 8.985613e+01
9.277084e-02 2.524559e-03 9.956843e-01 4.666143e+00 3.640078e-02 9.993197e-01 -5.925345e-03 -1.140286e+00 -9.950219e-01 3.679338e-02 9.261583e-02 8.992378e+01
7.756918e-02 1.375838e-03 9.969860e-01 5.290554e+00 3.384455e-02 9.994191e-01 -4.012426e-03 -1.131735e+00 -9.964123e-01 3.405378e-02 7.747755e-02 8.999518e+01
6.408350e-02 -2.472654e-04 9.979445e-01 5.920598e+00 3.228515e-02 9.994770e-01 -1.825562e-03 -1.131888e+00 -9.974222e-01 3.233578e-02 6.405797e-02 9.003808e+01
5.212177e-02 -3.169529e-03 9.986357e-01 6.530177e+00 3.232879e-02 9.994762e-01 1.484861e-03 -1.122826e+00 -9.981173e-01 3.220730e-02 5.219693e-02 9.010117e+01
4.125670e-02 -5.079774e-03 9.991357e-01 7.113298e+00 3.344413e-02 9.994337e-01 3.700301e-03 -1.124313e+00 -9.985887e-01 3.326256e-02 4.140323e-02 9.015588e+01
3.335635e-02 -7.717574e-03 9.994137e-01 7.762768e+00 3.462827e-02 9.993787e-01 6.561554e-03 -1.114043e+00 -9.988434e-01 3.438910e-02 3.360287e-02 9.019124e+01
2.672317e-02 -8.525691e-03 9.996065e-01 8.481867e+00 3.559861e-02 9.993375e-01 7.571714e-03 -1.109361e+00 -9.990088e-01 3.538226e-02 2.700897e-02 9.025211e+01
1.916188e-02 -8.609580e-03 9.997793e-01 9.282206e+00 3.785864e-02 9.992520e-01 7.879437e-03 -1.088227e+00 -9.990994e-01 3.769930e-02 1.947350e-02 9.038063e+01
1.146482e-02 -7.641006e-03 9.999051e-01 1.002661e+01 3.857439e-02 9.992298e-01 7.193555e-03 -1.076447e+00 -9.991900e-01 3.848826e-02 1.175073e-02 9.048009e+01
6.493799e-03 -8.579510e-03 9.999421e-01 1.071745e+01 3.910659e-02 9.992004e-01 8.319181e-03 -1.074536e+00 -9.992139e-01 3.905030e-02 6.824122e-03 9.051318e+01
3.427856e-03 -1.088265e-02 9.999349e-01 1.140102e+01 3.919387e-02 9.991739e-01 1.074001e-02 -1.064265e+00 -9.992257e-01 3.915451e-02 3.851558e-03 9.051931e+01
3.671796e-04 -1.066553e-02 9.999431e-01 1.207740e+01 3.878690e-02 9.991908e-01 1.064327e-02 -1.064041e+00 -9.992474e-01 3.878079e-02 7.805655e-04 9.051793e+01
-2.056522e-03 -1.216985e-02 9.999238e-01 1.275459e+01 3.813037e-02 9.991978e-01 1.223943e-02 -1.071448e+00 -9.992707e-01 3.815264e-02 -1.590831e-03 9.051494e+01
-3.093945e-03 -1.653924e-02 9.998584e-01 1.343193e+01 3.784752e-02 9.991449e-01 1.664455e-02 -1.069455e+00 -9.992787e-01 3.789366e-02 -2.465330e-03 9.051138e+01
-2.673464e-03 -1.936693e-02 9.998089e-01 1.411942e+01 3.768575e-02 9.991003e-01 1.945397e-02 -1.063029e+00 -9.992861e-01 3.773055e-02 -1.941201e-03 9.052265e+01
-3.601400e-04 -2.072067e-02 9.997852e-01 1.481744e+01 3.790767e-02 9.990664e-01 2.071943e-02 -1.052045e+00 -9.992812e-01 3.790699e-02 4.256685e-04 9.052924e+01
3.283768e-03 -2.384517e-02 9.997103e-01 1.554138e+01 3.817266e-02 9.989900e-01 2.370260e-02 -1.037689e+00 -9.992658e-01 3.808377e-02 4.190685e-03 9.054064e+01
7.575313e-03 -2.460270e-02 9.996686e-01 1.628792e+01 3.773296e-02 9.989924e-01 2.430012e-02 -1.024539e+00 -9.992591e-01 3.753638e-02 8.496012e-03 9.055134e+01
1.174322e-02 -2.614334e-02 9.995892e-01 1.704388e+01 3.639900e-02 9.990068e-01 2.570049e-02 -1.002018e+00 -9.992683e-01 3.608224e-02 1.268315e-02 9.055872e+01
1.587167e-02 -2.579933e-02 9.995411e-01 1.779304e+01 3.477796e-02 9.990764e-01 2.523510e-02 -9.889584e-01 -9.992690e-01 3.436148e-02 1.675426e-02 9.056835e+01
2.048374e-02 -2.301375e-02 9.995253e-01 1.857485e+01 3.223218e-02 9.992306e-01 2.234642e-02 -9.771350e-01 -9.992705e-01 3.175914e-02 2.120976e-02 9.058573e+01
2.498799e-02 -2.214694e-02 9.994424e-01 1.937407e+01 3.095324e-02 9.992924e-01 2.136972e-02 -9.674719e-01 -9.992084e-01 3.040200e-02 2.565583e-02 9.060105e+01
2.932353e-02 -1.938577e-02 9.993820e-01 2.017429e+01 3.173824e-02 9.993259e-01 1.845343e-02 -9.596013e-01 -9.990660e-01 3.117751e-02 2.991903e-02 9.062871e+01
3.245633e-02 -1.755917e-02 9.993189e-01 2.097532e+01 3.603039e-02 9.992163e-01 1.638715e-02 -9.476004e-01 -9.988235e-01 3.547398e-02 3.306355e-02 9.066422e+01
3.435649e-02 -1.204530e-02 9.993371e-01 2.177559e+01 4.071395e-02 9.991142e-01 1.064290e-02 -9.454246e-01 -9.985800e-01 4.032130e-02 3.481647e-02 9.069679e+01
3.445089e-02 -8.855649e-03 9.993672e-01 2.260128e+01 4.366771e-02 9.990191e-01 7.347221e-03 -9.445460e-01 -9.984519e-01 4.338695e-02 3.480380e-02 9.073510e+01
3.452934e-02 -6.463981e-03 9.993828e-01 2.342146e+01 4.277640e-02 9.990722e-01 4.984020e-03 -9.487597e-01 -9.984878e-01 4.257790e-02 3.477381e-02 9.077990e+01
3.450411e-02 -3.685467e-03 9.993978e-01 2.426148e+01 4.071508e-02 9.991682e-01 2.278936e-03 -9.602015e-01 -9.985749e-01 4.061193e-02 3.462547e-02 9.082974e+01
3.409321e-02 -4.507622e-03 9.994085e-01 2.510511e+01 3.959388e-02 9.992109e-01 3.156049e-03 -9.705070e-01 -9.986341e-01 3.946286e-02 3.424478e-02 9.087455e+01
3.477900e-02 -2.608559e-03 9.993916e-01 2.595945e+01 3.878500e-02 9.992468e-01 1.258456e-03 -9.818953e-01 -9.986422e-01 3.871763e-02 3.485397e-02 9.091869e+01
3.479989e-02 -1.733137e-03 9.993928e-01 2.678173e+01 3.901626e-02 9.992385e-01 3.742823e-04 -9.900426e-01 -9.986324e-01 3.897955e-02 3.484101e-02 9.096456e+01
3.531021e-02 1.389617e-03 9.993754e-01 2.761634e+01 3.914974e-02 9.992295e-01 -2.772664e-03 -1.007153e+00 -9.986093e-01 3.922320e-02 3.522860e-02 9.100073e+01
3.351198e-02 4.595046e-03 9.994278e-01 2.850548e+01 4.056919e-02 9.991590e-01 -5.954143e-03 -1.020649e+00 -9.986146e-01 4.074551e-02 3.329738e-02 9.107595e+01
-3.685210e-03 5.750082e-03 9.999767e-01 2.956984e+01 3.148248e-02 9.994884e-01 -5.631253e-03 -1.204099e+00 -9.994975e-01 3.146099e-02 -3.864351e-03 9.178504e+01
-8.488884e-03 8.175624e-03 9.999305e-01 3.046223e+01 3.000379e-02 9.995184e-01 -7.917538e-03 -1.232967e+00 -9.995137e-01 2.993450e-02 -8.730095e-03 9.182819e+01
-1.386456e-02 1.082340e-02 9.998453e-01 3.132313e+01 2.724510e-02 9.995742e-01 -1.044267e-02 -1.263166e+00 -9.995326e-01 2.709610e-02 -1.415354e-02 9.184442e+01
-1.988417e-02 1.308817e-02 9.997166e-01 3.215135e+01 2.509378e-02 9.996058e-01 -1.258761e-02 -1.287083e+00 -9.994873e-01 2.483637e-02 -2.020477e-02 9.183072e+01
-2.695706e-02 1.423419e-02 9.995352e-01 3.298255e+01 2.538513e-02 9.995859e-01 -1.355028e-02 -1.312363e+00 -9.993142e-01 2.500806e-02 -2.730724e-02 9.179999e+01
-3.567387e-02 1.504131e-02 9.992503e-01 3.382352e+01 2.601855e-02 9.995618e-01 -1.411712e-02 -1.344131e+00 -9.990247e-01 2.549544e-02 -3.604959e-02 9.176700e+01
-4.577041e-02 1.475223e-02 9.988431e-01 3.463676e+01 2.659912e-02 9.995544e-01 -1.354388e-02 -1.363356e+00 -9.985978e-01 2.594843e-02 -4.614241e-02 9.173703e+01
-5.570293e-02 1.479978e-02 9.983377e-01 3.545841e+01 2.583833e-02 9.995766e-01 -1.337648e-02 -1.375624e+00 -9.981130e-01 2.505027e-02 -5.606175e-02 9.168156e+01
-6.566520e-02 1.640664e-02 9.977068e-01 3.626727e+01 2.516230e-02 9.995741e-01 -1.478126e-02 -1.394239e+00 -9.975244e-01 2.413398e-02 -6.605007e-02 9.161025e+01
-7.656282e-02 1.601591e-02 9.969361e-01 3.705483e+01 2.440079e-02 9.996016e-01 -1.418480e-02 -1.416160e+00 -9.967661e-01 2.324000e-02 -7.692312e-02 9.154053e+01
-8.790481e-02 1.670477e-02 9.959888e-01 3.783290e+01 2.472571e-02 9.995879e-01 -1.458287e-02 -1.444072e+00 -9.958220e-01 2.334463e-02 -8.828163e-02 9.148138e+01
-9.854060e-02 1.712356e-02 9.949857e-01 3.860171e+01 2.542015e-02 9.995690e-01 -1.468490e-02 -1.461079e+00 -9.948083e-01 2.384563e-02 -9.893341e-02 9.139552e+01
-1.075740e-01 1.774070e-02 9.940388e-01 3.942615e+01 2.693352e-02 9.995258e-01 -1.492390e-02 -1.482879e+00 -9.938322e-01 2.516754e-02 -1.080008e-01 9.127070e+01
-1.175776e-01 1.706509e-02 9.929171e-01 4.020055e+01 2.796762e-02 9.995126e-01 -1.386662e-02 -1.509296e+00 -9.926698e-01 2.613912e-02 -1.179976e-01 9.117156e+01
-1.269772e-01 1.671499e-02 9.917648e-01 4.096480e+01 2.861060e-02 9.995037e-01 -1.318236e-02 -1.534898e+00 -9.914929e-01 2.670112e-02 -1.273924e-01 9.106983e+01
-1.361652e-01 1.682420e-02 9.905433e-01 4.172366e+01 2.916436e-02 9.994905e-01 -1.296708e-02 -1.557204e+00 -9.902568e-01 2.712290e-02 -1.365865e-01 9.095177e+01
-1.450626e-01 1.675711e-02 9.892806e-01 4.245175e+01 2.995981e-02 9.994725e-01 -1.253661e-02 -1.566008e+00 -9.889688e-01 2.782007e-02 -1.454881e-01 9.083603e+01
-1.528515e-01 1.636073e-02 9.881137e-01 4.318290e+01 2.999636e-02 9.994791e-01 -1.190877e-02 -1.574145e+00 -9.877938e-01 2.781954e-02 -1.532626e-01 9.070111e+01
-1.597301e-01 1.463609e-02 9.870522e-01 4.390495e+01 2.840110e-02 9.995443e-01 -1.022531e-02 -1.592860e+00 -9.867521e-01 2.640008e-02 -1.600730e-01 9.057068e+01
-1.649957e-01 1.208643e-02 9.862202e-01 4.462277e+01 2.606015e-02 9.996292e-01 -7.890872e-03 -1.610686e+00 -9.859499e-01 2.439908e-02 -1.652495e-01 9.045232e+01
-1.687563e-01 9.473332e-03 9.856123e-01 4.532427e+01 2.328220e-02 9.997131e-01 -5.622493e-03 -1.640381e+00 -9.853828e-01 2.199839e-02 -1.689284e-01 9.032592e+01
-1.716426e-01 7.927019e-03 9.851274e-01 4.603466e+01 2.151153e-02 9.997594e-01 -4.296719e-03 -1.665804e+00 -9.849244e-01 2.045410e-02 -1.717718e-01 9.021597e+01
-1.736102e-01 7.698475e-03 9.847844e-01 4.671928e+01 2.037769e-02 9.997834e-01 -4.223294e-03 -1.688124e+00 -9.846036e-01 1.933442e-02 -1.737294e-01 9.010549e+01
-1.738476e-01 6.742844e-03 9.847495e-01 4.740716e+01 1.985220e-02 9.997973e-01 -3.341174e-03 -1.715881e+00 -9.845724e-01 1.896859e-02 -1.739463e-01 8.997874e+01
-1.730094e-01 6.379867e-03 9.848995e-01 4.804801e+01 2.053674e-02 9.997850e-01 -2.868766e-03 -1.737264e+00 -9.847060e-01 1.973030e-02 -1.731033e-01 8.986939e+01
-1.701461e-01 5.281979e-03 9.854047e-01 4.870548e+01 2.152500e-02 9.997670e-01 -1.642324e-03 -1.760807e+00 -9.851837e-01 2.093141e-02 -1.702201e-01 8.976935e+01
-1.651108e-01 5.578386e-03 9.862593e-01 4.934024e+01 2.160255e-02 9.997646e-01 -2.038267e-03 -1.787874e+00 -9.860384e-01 2.096917e-02 -1.651924e-01 8.967848e+01
-1.571850e-01 6.103277e-03 9.875503e-01 4.994096e+01 2.195044e-02 9.997555e-01 -2.684931e-03 -1.811369e+00 -9.873252e-01 2.125513e-02 -1.572806e-01 8.959590e+01
-1.463238e-01 6.780930e-03 9.892135e-01 5.053888e+01 2.214132e-02 9.997484e-01 -3.578018e-03 -1.829639e+00 -9.889889e-01 2.137894e-02 -1.464371e-01 8.953281e+01
-1.323406e-01 7.240522e-03 9.911779e-01 5.112185e+01 2.262201e-02 9.997349e-01 -4.282574e-03 -1.848788e+00 -9.909461e-01 2.185568e-02 -1.324693e-01 8.946866e+01
-1.152979e-01 7.900616e-03 9.932995e-01 5.166349e+01 2.409625e-02 9.996964e-01 -5.154507e-03 -1.865830e+00 -9.930387e-01 2.334049e-02 -1.154533e-01 8.942329e+01
-9.430785e-02 8.371586e-03 9.955079e-01 5.220487e+01 2.669147e-02 9.996264e-01 -5.877646e-03 -1.884123e+00 -9.951852e-01 2.601726e-02 -9.449607e-02 8.939816e+01
-6.910974e-02 8.955046e-03 9.975689e-01 5.273191e+01 2.987525e-02 9.995298e-01 -6.902947e-03 -1.896787e+00 -9.971616e-01 2.932556e-02 -6.934478e-02 8.937635e+01
-4.077530e-02 9.030830e-03 9.991275e-01 5.326480e+01 3.165542e-02 9.994689e-01 -7.742029e-03 -1.908863e+00 -9.986668e-01 3.131212e-02 -4.103951e-02 8.937908e+01
-7.050418e-03 9.345840e-03 9.999315e-01 5.378617e+01 3.084839e-02 9.994824e-01 -9.124134e-03 -1.922979e+00 -9.994992e-01 3.078195e-02 -7.335073e-03 8.938956e+01
3.166411e-02 7.603854e-03 9.994696e-01 5.429959e+01 2.873073e-02 9.995509e-01 -8.514688e-03 -1.927335e+00 -9.990855e-01 2.898510e-02 3.143143e-02 8.941773e+01
7.428560e-02 7.479096e-03 9.972090e-01 5.482017e+01 2.467089e-02 9.996520e-01 -9.335240e-03 -1.939047e+00 -9.969318e-01 2.529550e-02 7.407524e-02 8.947595e+01
1.201981e-01 7.901813e-03 9.927185e-01 5.534346e+01 2.039688e-02 9.997376e-01 -1.042733e-02 -1.946116e+00 -9.925404e-01 2.150170e-02 1.200053e-01 8.956241e+01
1.696089e-01 1.065837e-02 9.854538e-01 5.585547e+01 1.565672e-02 9.997862e-01 -1.350810e-02 -1.964924e+00 -9.853871e-01 1.772007e-02 1.694058e-01 8.967614e+01
2.230142e-01 1.266186e-02 9.747330e-01 5.635070e+01 1.230060e-02 9.997995e-01 -1.580180e-02 -1.989661e+00 -9.747376e-01 1.551383e-02 2.228137e-01 8.980711e+01
2.804501e-01 1.155909e-02 9.597990e-01 5.685536e+01 1.242642e-02 9.998000e-01 -1.567179e-02 -2.005458e+00 -9.597882e-01 1.632202e-02 2.802504e-01 8.996806e+01
3.415731e-01 6.040742e-03 9.398358e-01 5.732915e+01 1.482429e-02 9.998203e-01 -1.181402e-02 -2.027596e+00 -9.397383e-01 1.796775e-02 3.414222e-01 9.013883e+01
4.101729e-01 1.124376e-03 9.120071e-01 5.783641e+01 1.667750e-02 9.998228e-01 -8.733303e-03 -2.090417e+00 -9.118553e-01 1.879216e-02 4.100814e-01 9.027029e+01
4.807628e-01 -3.561823e-03 8.768435e-01 5.838970e+01 2.146435e-02 9.997399e-01 -7.707605e-03 -2.115359e+00 -8.765879e-01 2.252640e-02 4.807142e-01 9.043853e+01
5.497761e-01 -6.166286e-03 8.352893e-01 5.903651e+01 1.903666e-02 9.998055e-01 -5.148894e-03 -2.212840e+00 -8.350951e-01 1.873186e-02 5.497865e-01 9.073996e+01
6.074532e-01 -4.643386e-03 7.943419e-01 5.944271e+01 2.126346e-02 9.997196e-01 -1.041677e-02 -2.187220e+00 -7.940708e-01 2.321816e-02 6.073816e-01 9.109291e+01
6.627959e-01 -9.440852e-03 7.487406e-01 5.987000e+01 2.356438e-02 9.996882e-01 -8.254478e-03 -2.219195e+00 -7.484293e-01 2.311464e-02 6.628117e-01 9.149469e+01
7.133399e-01 -1.432169e-02 7.006719e-01 6.023117e+01 2.538933e-02 9.996630e-01 -5.415325e-03 -2.221427e+00 -7.003582e-01 2.165256e-02 7.134631e-01 9.190352e+01
7.598879e-01 -1.499172e-02 6.498813e-01 6.053433e+01 2.227287e-02 9.997475e-01 -2.980467e-03 -2.212554e+00 -6.496725e-01 1.673954e-02 7.600299e-01 9.230105e+01
8.023738e-01 -1.664690e-02 5.965896e-01 6.081467e+01 1.884858e-02 9.998191e-01 2.548283e-03 -2.217990e+00 -5.965241e-01 9.200193e-03 8.025424e-01 9.273461e+01
8.400386e-01 -1.735373e-02 5.422490e-01 6.107885e+01 1.561131e-02 9.998476e-01 7.813732e-03 -2.234285e+00 -5.423020e-01 1.901378e-03 8.401815e-01 9.320303e+01
8.722931e-01 -1.895756e-02 4.886158e-01 6.132429e+01 1.269468e-02 9.997894e-01 1.612737e-02 -2.269506e+00 -4.888186e-01 -7.864971e-03 8.723500e-01 9.368363e+01
8.984140e-01 -1.477616e-02 4.389008e-01 6.148860e+01 7.023663e-03 9.997894e-01 1.928202e-02 -2.287602e+00 -4.390933e-01 -1.424055e-02 8.983286e-01 9.416144e+01
9.193200e-01 -1.133043e-02 3.933477e-01 6.164137e+01 3.415129e-03 9.997775e-01 2.081698e-02 -2.292980e+00 -3.934961e-01 -1.779413e-02 9.191541e-01 9.462358e+01
9.355073e-01 -4.266567e-03 3.532817e-01 6.178882e+01 -3.055118e-03 9.997920e-01 2.016455e-02 -2.289432e+00 -3.532942e-01 -1.994340e-02 9.352996e-01 9.513120e+01
9.480866e-01 -9.469084e-06 3.180121e-01 6.191160e+01 -5.715695e-03 9.998380e-01 1.706992e-02 -2.290401e+00 -3.179608e-01 -1.800143e-02 9.479330e-01 9.560925e+01
9.577753e-01 4.990368e-03 2.874745e-01 6.201350e+01 -9.839597e-03 9.998326e-01 1.542603e-02 -2.306910e+00 -2.873494e-01 -1.760330e-02 9.576641e-01 9.623423e+01
9.641621e-01 3.073602e-06 2.653139e-01 6.213999e+01 -4.608109e-03 9.998493e-01 1.673449e-02 -2.317146e+00 -2.652738e-01 -1.735735e-02 9.640169e-01 9.677625e+01
9.681246e-01 -1.660013e-03 2.504634e-01 6.224838e+01 -2.818577e-03 9.998425e-01 1.752146e-02 -2.317443e+00 -2.504530e-01 -1.766891e-02 9.679675e-01 9.733961e+01
9.711949e-01 1.776639e-03 2.382800e-01 6.236040e+01 -5.751444e-03 9.998557e-01 1.598704e-02 -2.309969e+00 -2.382172e-01 -1.689698e-02 9.710649e-01 9.792044e+01
9.734300e-01 7.735145e-03 2.288540e-01 6.246227e+01 -1.155316e-02 9.998155e-01 1.534809e-02 -2.314021e+00 -2.286931e-01 -1.758428e-02 9.733398e-01 9.843563e+01
9.741762e-01 1.890896e-02 2.249958e-01 6.253827e+01 -2.168158e-02 9.997163e-01 9.858306e-03 -2.291643e+00 -2.247455e-01 -1.448199e-02 9.743099e-01 9.915714e+01
9.745760e-01 2.379436e-02 2.227901e-01 6.264873e+01 -2.551262e-02 9.996628e-01 4.837088e-03 -2.291194e+00 -2.225999e-01 -1.039807e-02 9.748544e-01 9.978816e+01
9.744766e-01 2.469092e-02 2.231271e-01 6.277819e+01 -2.574270e-02 9.996670e-01 1.805951e-03 -2.287891e+00 -2.230082e-01 -7.503751e-03 9.747877e-01 1.004225e+02
9.736506e-01 2.327383e-02 2.268544e-01 6.292362e+01 -2.353054e-02 9.997219e-01 -1.572944e-03 -2.288429e+00 -2.268279e-01 -3.806510e-03 9.739274e-01 1.010872e+02
9.728606e-01 2.055400e-02 2.304774e-01 6.307874e+01 -1.940738e-02 9.997854e-01 -7.241116e-03 -2.295582e+00 -2.305768e-01 2.571633e-03 9.730507e-01 1.016517e+02
9.712422e-01 2.082773e-02 2.371807e-01 6.323115e+01 -1.847801e-02 9.997557e-01 -1.212585e-02 -2.292937e+00 -2.373753e-01 7.394508e-03 9.713899e-01 1.023525e+02
9.698402e-01 3.127012e-02 2.417274e-01 6.335016e+01 -2.851955e-02 9.994826e-01 -1.487019e-02 -2.303293e+00 -2.420673e-01 7.527756e-03 9.702303e-01 1.028834e+02
9.682814e-01 3.533151e-02 2.473516e-01 6.351770e+01 -3.348178e-02 9.993711e-01 -1.168175e-02 -2.316095e+00 -2.476088e-01 3.029448e-03 9.688554e-01 1.035198e+02
9.680602e-01 3.375069e-02 2.484359e-01 6.377101e+01 -3.310240e-02 9.994289e-01 -6.787646e-03 -2.337500e+00 -2.485231e-01 -1.652974e-03 9.686246e-01 1.042644e+02
9.674326e-01 2.923676e-02 2.514346e-01 6.403680e+01 -3.006395e-02 9.995478e-01 -5.515904e-04 -2.356818e+00 -2.513370e-01 -7.025492e-03 9.678741e-01 1.049919e+02
9.666357e-01 2.799176e-02 2.546212e-01 6.426549e+01 -3.021396e-02 9.995318e-01 4.819866e-03 -2.376470e+00 -2.543671e-01 -1.235217e-02 9.670289e-01 1.057220e+02
9.663447e-01 2.371726e-02 2.561549e-01 6.454781e+01 -2.595960e-02 9.996485e-01 5.375661e-03 -2.375751e+00 -2.559374e-01 -1.184442e-02 9.666208e-01 1.065261e+02
9.664995e-01 1.893352e-02 2.559692e-01 6.482235e+01 -2.067208e-02 9.997779e-01 4.102976e-03 -2.386571e+00 -2.558347e-01 -9.256939e-03 9.666762e-01 1.073856e+02
9.667622e-01 1.681334e-02 2.551237e-01 6.511678e+01 -1.655699e-02 9.998580e-01 -3.152488e-03 -2.368402e+00 -2.551405e-01 -1.176375e-03 9.669033e-01 1.083169e+02
9.668243e-01 1.705335e-02 2.548723e-01 6.530033e+01 -1.507962e-02 9.998393e-01 -9.696112e-03 -2.376633e+00 -2.549966e-01 5.531062e-03 9.669261e-01 1.090801e+02
9.673926e-01 1.898034e-02 2.525693e-01 6.547207e+01 -1.604462e-02 9.997777e-01 -1.367811e-02 -2.389258e+00 -2.527728e-01 9.179718e-03 9.674821e-01 1.097763e+02
9.680829e-01 1.748926e-02 2.500193e-01 6.565195e+01 -1.561563e-02 9.998332e-01 -9.475752e-03 -2.396982e+00 -2.501433e-01 5.269106e-03 9.681945e-01 1.104837e+02
9.684561e-01 1.475285e-02 2.487471e-01 6.582776e+01 -1.491032e-02 9.998881e-01 -1.251137e-03 -2.413915e+00 -2.487377e-01 -2.497226e-03 9.685677e-01 1.112108e+02
9.689354e-01 1.660166e-02 2.467563e-01 6.599979e+01 -1.799462e-02 9.998323e-01 3.391006e-03 -2.420593e+00 -2.466586e-01 -7.725951e-03 9.690716e-01 1.119643e+02
9.693217e-01 1.902941e-02 2.450577e-01 6.616711e+01 -2.019572e-02 9.997935e-01 2.247114e-03 -2.439499e+00 -2.449643e-01 -7.127293e-03 9.695059e-01 1.127303e+02
9.697212e-01 2.306425e-02 2.431229e-01 6.635454e+01 -2.286139e-02 9.997320e-01 -3.656128e-03 -2.439794e+00 -2.431421e-01 -2.012703e-03 9.699886e-01 1.135572e+02
9.705514e-01 2.207796e-02 2.398804e-01 6.651524e+01 -2.069264e-02 9.997515e-01 -8.292473e-03 -2.469421e+00 -2.400039e-01 3.084512e-03 9.707670e-01 1.143338e+02
9.714219e-01 2.039811e-02 2.364814e-01 6.668883e+01 -1.837381e-02 9.997733e-01 -1.076092e-02 -2.484816e+00 -2.366473e-01 6.108330e-03 9.715764e-01 1.150953e+02
9.723072e-01 1.818512e-02 2.329980e-01 6.686235e+01 -1.654628e-02 9.998227e-01 -8.986458e-03 -2.498237e+00 -2.331201e-01 4.882346e-03 9.724357e-01 1.158739e+02
9.731405e-01 1.406340e-02 2.297822e-01 6.703728e+01 -1.301964e-02 9.998969e-01 -6.057926e-03 -2.524494e+00 -2.298437e-01 2.903531e-03 9.732232e-01 1.166623e+02
9.735360e-01 1.306316e-02 2.281602e-01 6.721316e+01 -1.265253e-02 9.999146e-01 -3.262408e-03 -2.537074e+00 -2.281833e-01 2.892668e-04 9.736181e-01 1.174735e+02
9.738271e-01 1.050169e-02 2.270473e-01 6.739891e+01 -1.069607e-02 9.999427e-01 -3.742136e-04 -2.551337e+00 -2.270382e-01 -2.064094e-03 9.738837e-01 1.182919e+02
9.739906e-01 5.560315e-03 2.265201e-01 6.759195e+01 -6.134859e-03 9.999795e-01 1.832482e-03 -2.556748e+00 -2.265053e-01 -3.174489e-03 9.740048e-01 1.191005e+02
