9.999932e-01 -2.282664e-03 -2.886387e-03 -1.133152e-02 2.277174e-03 9.999956e-01 -1.903878e-03 -1.305627e-02 2.890720e-03 1.897292e-03 9.999940e-01 6.760786e-01
9.999739e-01 -1.340597e-03 -7.101126e-03 -1.416117e-02 1.318555e-03 9.999943e-01 -3.107880e-03 -2.793468e-02 7.105252e-03 3.098436e-03 9.999700e-01 1.405217e+00
9.999384e-01 -1.693136e-03 -1.097155e-02 -3.128631e-02 1.642414e-03 9.999879e-01 -4.630402e-03 -2.961885e-02 1.097926e-02 4.612097e-03 9.999291e-01 2.119948e+00
9.998699e-01 -3.674403e-05 -1.613125e-02 -4.782833e-02 -5.276828e-05 9.999846e-01 -5.548538e-03 -3.279646e-02 1.613121e-02 5.548668e-03 9.998545e-01 2.852967e+00
9.997846e-01 -1.291874e-03 -2.071488e-02 -6.230042e-02 1.172860e-03 9.999827e-01 -5.756441e-03 -4.084760e-02 2.072196e-02 5.730905e-03 9.997689e-01 3.591959e+00
9.996644e-01 3.822305e-04 -2.590073e-02 -7.414868e-02 -5.863785e-04 9.999688e-01 -7.874801e-03 -3.174465e-02 2.589691e-02 7.887346e-03 9.996335e-01 4.363468e+00
9.995207e-01 2.952770e-03 -3.081795e-02 -1.125935e-01 -3.247532e-03 9.999494e-01 -9.518975e-03 -1.969658e-02 3.078829e-02 9.614495e-03 9.994797e-01 5.149615e+00
9.993825e-01 3.305795e-03 -3.498135e-02 -1.497015e-01 -3.542200e-03 9.999713e-01 -6.698212e-03 -5.380365e-02 3.495820e-02 6.817986e-03 9.993655e-01 5.938215e+00
9.991838e-01 2.833714e-03 -4.029470e-02 -1.671811e-01 -3.010618e-03 9.999861e-01 -4.330248e-03 -5.734604e-02 4.028187e-02 4.448026e-03 9.991785e-01 6.748369e+00
9.990182e-01 2.556817e-03 -4.422829e-02 -2.011225e-01 -2.653762e-03 9.999942e-01 -2.133347e-03 -6.261854e-02 4.422258e-02 2.248624e-03 9.990192e-01 7.569916e+00
9.988951e-01 4.101445e-03 -4.681621e-02 -2.557184e-01 -4.327803e-03 9.999794e-01 -4.734693e-03 -3.930167e-02 4.679583e-02 4.932073e-03 9.988923e-01 8.403344e+00
9.988222e-01 3.827441e-03 -4.836854e-02 -3.115161e-01 -4.142357e-03 9.999709e-01 -6.412188e-03 -2.639150e-02 4.834259e-02 6.604996e-03 9.988090e-01 9.219575e+00
9.987740e-01 1.383849e-03 -4.948316e-02 -3.706185e-01 -1.761972e-03 9.999696e-01 -7.598638e-03 -3.254588e-02 4.947114e-02 7.676510e-03 9.987461e-01 1.006049e+01
9.986430e-01 1.613533e-03 -5.205361e-02 -4.072406e-01 -2.026192e-03 9.999669e-01 -7.875778e-03 -3.058767e-02 5.203918e-02 7.970561e-03 9.986132e-01 1.090696e+01
9.985747e-01 -5.890907e-04 -5.336894e-02 -4.652694e-01 1.461298e-04 9.999655e-01 -8.303499e-03 -3.856531e-02 5.337199e-02 8.283865e-03 9.985403e-01 1.177006e+01
9.984816e-01 2.487978e-03 -5.502926e-02 -5.295421e-01 -3.033534e-03 9.999471e-01 -9.832615e-03 -7.156495e-02 5.500188e-02 9.984619e-03 9.984363e-01 1.262773e+01
9.984438e-01 2.961500e-03 -5.568845e-02 -5.974313e-01 -3.652079e-03 9.999176e-01 -1.230306e-02 -9.092285e-02 5.564743e-02 1.248730e-02 9.983724e-01 1.348781e+01
9.983304e-01 7.364536e-03 -5.729074e-02 -6.606641e-01 -8.098690e-03 9.998879e-01 -1.259291e-02 -1.305986e-01 5.719157e-02 1.303587e-02 9.982781e-01 1.435530e+01
9.982922e-01 7.798087e-03 -5.789469e-02 -7.228730e-01 -8.562543e-03 9.998793e-01 -1.296794e-02 -1.313930e-01 5.778658e-02 1.344152e-02 9.982385e-01 1.522541e+01
9.982769e-01 5.910655e-03 -5.838063e-02 -7.940559e-01 -6.672701e-03 9.998950e-01 -1.286676e-02 -1.216898e-01 5.829845e-02 1.323414e-02 9.982115e-01 1.611223e+01
9.981851e-01 7.011517e-03 -5.981069e-02 -8.475681e-01 -7.699004e-03 9.999068e-01 -1.127169e-02 -1.463261e-01 5.972609e-02 1.171171e-02 9.981461e-01 1.700483e+01
9.981376e-01 6.806684e-03 -6.062158e-02 -9.092940e-01 -7.472242e-03 9.999142e-01 -1.075897e-02 -1.757152e-01 6.054315e-02 1.119191e-02 9.981028e-01 1.790874e+01
9.980347e-01 6.776267e-03 -6.229562e-02 -9.654739e-01 -7.481348e-03 9.999105e-01 -1.109202e-02 -2.066028e-01 6.221488e-02 1.153628e-02 9.979961e-01 1.880477e+01
9.979158e-01 5.891335e-03 -6.425982e-02 -1.002652e+00 -6.629158e-03 9.999145e-01 -1.127470e-02 -2.437219e-01 6.418790e-02 1.167719e-02 9.978695e-01 1.971240e+01
9.978429e-01 5.072408e-03 -6.545141e-02 -1.050018e+00 -5.734380e-03 9.999343e-01 -9.930053e-03 -2.529826e-01 6.539674e-02 1.028396e-02 9.978063e-01 2.063426e+01
9.978496e-01 5.688638e-03 -6.529769e-02 -1.116421e+00 -6.134530e-03 9.999592e-01 -6.630137e-03 -2.634929e-01 6.525731e-02 7.016450e-03 9.978438e-01 2.154562e+01
9.978749e-01 6.357018e-03 -6.484804e-02 -1.171432e+00 -6.588533e-03 9.999727e-01 -3.356890e-03 -2.698675e-01 6.482493e-02 3.777009e-03 9.978895e-01 2.247802e+01
9.979544e-01 5.275108e-03 -6.371159e-02 -1.226236e+00 -5.281902e-03 9.999860e-01 6.180468e-05 -2.974580e-01 6.371103e-02 2.748401e-04 9.979684e-01 2.342135e+01
9.980210e-01 5.267556e-03 -6.266066e-02 -1.276695e+00 -5.261038e-03 9.999861e-01 2.690069e-04 -3.018166e-01 6.266121e-02 6.118556e-05 9.980349e-01 2.436623e+01
9.980686e-01 6.617352e-03 -6.176726e-02 -1.321338e+00 -6.763045e-03 9.999748e-01 -2.149972e-03 -3.280888e-01 6.175148e-02 2.563554e-03 9.980883e-01 2.531858e+01
9.980832e-01 7.296768e-03 -6.145489e-02 -1.374933e+00 -7.624395e-03 9.999579e-01 -5.098375e-03 -3.663797e-01 6.141511e-02 5.557159e-03 9.980968e-01 2.626733e+01
9.981764e-01 7.071193e-03 -5.994906e-02 -1.434285e+00 -7.582462e-03 9.999368e-01 -8.305206e-03 -3.737047e-01 5.988654e-02 8.744622e-03 9.981669e-01 2.719195e+01
9.982326e-01 4.346553e-03 -5.926820e-02 -1.494183e+00 -4.809712e-03 9.999590e-01 -7.674216e-03 -3.844256e-01 5.923242e-02 7.945716e-03 9.982126e-01 2.814908e+01
9.982044e-01 6.698798e-04 -5.989566e-02 -1.531954e+00 -7.962905e-04 9.999975e-01 -2.086673e-03 -4.211568e-01 5.989411e-02 2.130620e-03 9.982025e-01 2.904946e+01
9.979175e-01 -2.952743e-03 -6.443514e-02 -1.483931e+00 3.083892e-03 9.999934e-01 1.935987e-03 -4.537710e-01 6.442899e-02 -2.130666e-03 9.979200e-01 3.000769e+01
9.977288e-01 -1.155352e-02 -6.636084e-02 -1.521764e+00 1.169086e-02 9.999302e-01 1.681689e-03 -4.864911e-01 6.633678e-02 -2.453685e-03 9.977943e-01 3.097752e+01
9.976524e-01 -1.395666e-02 -6.704417e-02 -1.606379e+00 1.369902e-02 9.998969e-01 -4.301122e-03 -4.580035e-01 6.709729e-02 3.372585e-03 9.977407e-01 3.194166e+01
9.973851e-01 -1.361019e-02 -7.097700e-02 -1.632174e+00 1.303164e-02 9.998780e-01 -8.608009e-03 -4.659041e-01 7.108550e-02 7.660553e-03 9.974408e-01 3.295306e+01
9.971613e-01 -1.119988e-02 -7.445784e-02 -1.671945e+00 1.059556e-02 9.999077e-01 -8.506287e-03 -5.076413e-01 7.454624e-02 7.693217e-03 9.971879e-01 3.394736e+01
9.970575e-01 -1.112398e-02 -7.584628e-02 -1.742603e+00 1.065836e-02 9.999218e-01 -6.540957e-03 -5.404822e-01 7.591311e-02 5.713313e-03 9.970981e-01 3.493895e+01
9.969484e-01 -7.384545e-03 -7.771384e-02 -1.816991e+00 7.233125e-03 9.999714e-01 -2.229738e-03 -5.932134e-01 7.772808e-02 1.660820e-03 9.969732e-01 3.594444e+01
9.967721e-01 -7.669592e-03 -7.991637e-02 -1.889536e+00 7.506756e-03 9.999691e-01 -2.337823e-03 -5.882542e-01 7.993183e-02 1.730364e-03 9.967988e-01 3.695967e+01
9.967142e-01 -6.852940e-03 -8.070828e-02 -1.978191e+00 6.818813e-03 9.999765e-01 -6.984513e-04 -5.857237e-01 8.071117e-02 1.458217e-04 9.967375e-01 3.796086e+01
9.966143e-01 -7.147342e-03 -8.190812e-02 -2.036013e+00 7.415868e-03 9.999681e-01 2.974625e-03 -6.090922e-01 8.188424e-02 -3.571974e-03 9.966354e-01 3.896224e+01
9.965365e-01 -1.081432e-03 -8.314927e-02 -2.104328e+00 1.537193e-03 9.999841e-01 5.417414e-03 -6.166260e-01 8.314209e-02 -5.526467e-03 9.965224e-01 3.993071e+01
9.964613e-01 -1.264839e-03 -8.404292e-02 -2.181344e+00 1.672986e-03 9.999871e-01 4.786163e-03 -6.258330e-01 8.403578e-02 -4.909829e-03 9.964506e-01 4.093202e+01
9.964305e-01 -1.205961e-03 -8.440896e-02 -2.258829e+00 1.446028e-03 9.999951e-01 2.783013e-03 -6.284901e-01 8.440519e-02 -2.895137e-03 9.964273e-01 4.191558e+01
9.961607e-01 1.794291e-03 -8.752497e-02 -2.288245e+00 -1.788519e-03 9.999984e-01 1.443749e-04 -6.218674e-01 8.752509e-02 1.271940e-05 9.961623e-01 4.292999e+01
9.960538e-01 1.835019e-03 -8.873220e-02 -2.382289e+00 -1.856332e-03 9.999983e-01 -1.576736e-04 -6.324088e-01 8.873176e-02 3.217678e-04 9.960555e-01 4.392741e+01
9.959179e-01 -4.833682e-04 -9.026262e-02 -2.467365e+00 5.502896e-04 9.999996e-01 7.165236e-04 -6.443764e-01 9.026224e-02 -7.632693e-04 9.959177e-01 4.491536e+01
9.958521e-01 -2.375483e-04 -9.098668e-02 -2.562710e+00 3.360988e-04 9.999994e-01 1.067811e-03 -6.447960e-01 9.098637e-02 -1.093962e-03 9.958515e-01 4.590080e+01
9.957809e-01 1.823632e-03 -9.174509e-02 -2.643465e+00 -2.093541e-03 9.999938e-01 -2.845791e-03 -6.457572e-01 9.173933e-02 3.025856e-03 9.957785e-01 4.685997e+01
9.957179e-01 2.442592e-03 -9.241105e-02 -2.741840e+00 -3.125476e-03 9.999689e-01 -7.245635e-03 -6.585268e-01 9.239047e-02 7.503437e-03 9.956946e-01 4.782207e+01
9.956006e-01 3.439132e-03 -9.363602e-02 -2.824282e+00 -4.275265e-03 9.999527e-01 -8.730468e-03 -6.694169e-01 9.360157e-02 9.092377e-03 9.955682e-01 4.878857e+01
9.955705e-01 2.379320e-03 -9.398827e-02 -2.913597e+00 -2.915253e-03 9.999803e-01 -5.565231e-03 -6.845441e-01 9.397317e-02 5.814579e-03 9.955577e-01 4.976979e+01
9.956737e-01 4.274379e-05 -9.291829e-02 -3.076962e+00 -2.982709e-04 9.999962e-01 -2.736134e-03 -7.045173e-01 9.291782e-02 2.752011e-03 9.956700e-01 5.080130e+01
9.956460e-01 -1.762984e-03 -9.319806e-02 -3.166452e+00 1.624669e-03 9.999975e-01 -1.559951e-03 -7.397211e-01 9.320058e-02 1.401743e-03 9.956464e-01 5.175940e+01
9.955323e-01 -4.721225e-03 -9.430327e-02 -3.235641e+00 4.472568e-03 9.999859e-01 -2.847970e-03 -7.618085e-01 9.431539e-02 2.413469e-03 9.955394e-01 5.272357e+01
9.954876e-01 -6.905659e-03 -9.464057e-02 -3.328993e+00 6.530464e-03 9.999695e-01 -4.273570e-03 -7.841251e-01 9.466720e-02 3.636239e-03 9.955023e-01 5.368605e+01
9.953702e-01 -8.248740e-03 -9.576050e-02 -3.418870e+00 7.998892e-03 9.999635e-01 -2.992677e-03 -8.041265e-01 9.578170e-02 2.212844e-03 9.953999e-01 5.463379e+01
9.952474e-01 -1.136656e-02 -9.671318e-02 -3.513429e+00 1.147736e-02 9.999340e-01 5.894438e-04 -8.171869e-01 9.670009e-02 -1.696654e-03 9.953121e-01 5.558478e+01
9.952034e-01 -1.211323e-02 -9.707408e-02 -3.603372e+00 1.262242e-02 9.999096e-01 4.632971e-03 -8.156286e-01 9.700918e-02 -5.836059e-03 9.952664e-01 5.652250e+01
9.951946e-01 -1.092886e-02 -9.730467e-02 -3.710254e+00 1.168124e-02 9.999061e-01 7.165842e-03 -8.325418e-01 9.721722e-02 -8.268047e-03 9.952288e-01 5.746617e+01
9.949627e-01 -1.056644e-02 -9.968728e-02 -3.794098e+00 1.091864e-02 9.999359e-01 2.988103e-03 -8.363719e-01 9.964932e-02 -4.061500e-03 9.950143e-01 5.840324e+01
9.948098e-01 -7.661102e-03 -1.014633e-01 -3.880594e+00 7.265573e-03 9.999645e-01 -4.267231e-03 -8.559380e-01 1.014924e-01 3.507895e-03 9.948301e-01 5.931282e+01
9.946953e-01 -5.661727e-03 -1.027096e-01 -3.970194e+00 4.778877e-03 9.999495e-01 -8.839626e-03 -8.738158e-01 1.027545e-01 8.301898e-03 9.946721e-01 6.020930e+01
9.945467e-01 -1.377599e-03 -1.042833e-01 -4.069272e+00 5.953532e-04 9.999715e-01 -7.531918e-03 -8.886034e-01 1.042907e-01 7.428759e-03 9.945191e-01 6.111570e+01
9.947474e-01 2.512383e-03 -1.023289e-01 -4.254014e+00 -2.385397e-03 9.999962e-01 1.363306e-03 -1.151650e+00 1.023319e-01 -1.112050e-03 9.947497e-01 6.191237e+01
9.945760e-01 4.969832e-03 -1.038933e-01 -4.351840e+00 -4.616465e-03 9.999827e-01 3.641429e-03 -1.179355e+00 1.039096e-01 -3.142058e-03 9.945818e-01 6.282443e+01
9.944408e-01 4.197936e-03 -1.052131e-01 -4.440500e+00 -3.861290e-03 9.999868e-01 3.403153e-03 -1.194118e+00 1.052259e-01 -2.977977e-03 9.944439e-01 6.368251e+01
9.942005e-01 6.234259e-03 -1.073614e-01 -4.512945e+00 -5.788825e-03 9.999733e-01 4.460072e-03 -1.211725e+00 1.073864e-01 -3.812710e-03 9.942101e-01 6.455076e+01
9.940347e-01 7.176642e-03 -1.088277e-01 -4.613546e+00 -6.710277e-03 9.999667e-01 4.650972e-03 -1.211467e+00 1.088575e-01 -3.892963e-03 9.940497e-01 6.541125e+01
9.938374e-01 7.362467e-03 -1.106025e-01 -4.706425e+00 -6.866488e-03 9.999646e-01 4.864569e-03 -1.218831e+00 1.106344e-01 -4.075140e-03 9.938528e-01 6.625425e+01
9.936809e-01 6.940265e-03 -1.120273e-01 -4.797783e+00 -6.396266e-03 9.999659e-01 5.214633e-03 -1.208035e+00 1.120597e-01 -4.465125e-03 9.936914e-01 6.706350e+01
9.931495e-01 9.286369e-03 -1.164806e-01 -4.792658e+00 -8.416934e-03 9.999329e-01 7.953870e-03 -1.210392e+00 1.165467e-01 -6.918973e-03 9.931611e-01 6.784504e+01
9.929644e-01 9.976023e-03 -1.179926e-01 -4.890779e+00 -8.670512e-03 9.998954e-01 1.157251e-02 -1.198571e+00 1.180957e-01 -1.046803e-02 9.929470e-01 6.865423e+01
9.927053e-01 1.320542e-02 -1.198406e-01 -4.993918e+00 -1.153507e-02 9.998266e-01 1.462115e-02 -1.228213e+00 1.200129e-01 -1.313213e-02 9.926855e-01 6.942561e+01
9.923947e-01 1.602180e-02 -1.220498e-01 -5.073139e+00 -1.497636e-02 9.998429e-01 9.478253e-03 -1.199601e+00 1.221825e-01 -7.578305e-03 9.924787e-01 7.019015e+01
9.923470e-01 1.667797e-02 -1.223492e-01 -5.196932e+00 -1.662350e-02 9.998607e-01 1.466102e-03 -1.185369e+00 1.223566e-01 5.789888e-04 9.924860e-01 7.090760e+01
9.919534e-01 1.635399e-02 -1.255428e-01 -5.241806e+00 -1.697487e-02 9.998484e-01 -3.877319e-03 -1.207980e+00 1.254604e-01 5.977194e-03 9.920806e-01 7.162605e+01
9.918146e-01 1.738222e-02 -1.264974e-01 -5.322875e+00 -1.816043e-02 9.998226e-01 -5.001231e-03 -1.216201e+00 1.263880e-01 7.257542e-03 9.919543e-01 7.231352e+01
9.913278e-01 1.983580e-02 -1.299070e-01 -5.352726e+00 -2.015496e-02 9.997962e-01 -1.142476e-03 -1.231649e+00 1.298579e-01 3.750838e-03 9.915255e-01 7.299474e+01
9.909690e-01 1.979028e-02 -1.326225e-01 -5.411926e+00 -1.984087e-02 9.998027e-01 9.401598e-04 -1.246174e+00 1.326150e-01 1.699677e-03 9.911662e-01 7.366151e+01
9.907465e-01 1.667591e-02 -1.346972e-01 -5.471261e+00 -1.729915e-02 9.998444e-01 -3.457834e-03 -1.243360e+00 1.346186e-01 5.755984e-03 9.908808e-01 7.430977e+01
9.907050e-01 9.165032e-03 -1.357189e-01 -5.522108e+00 -1.072803e-02 9.998842e-01 -1.078955e-02 -1.235750e+00 1.356044e-01 1.214526e-02 9.906886e-01 7.493723e+01
9.905986e-01 5.778773e-03 -1.366787e-01 -5.553405e+00 -8.061964e-03 9.998370e-01 -1.615716e-02 -1.248428e+00 1.365630e-01 1.710716e-02 9.904837e-01 7.554633e+01
9.909859e-01 8.350626e-03 -1.337056e-01 -5.636645e+00 -1.066637e-02 9.998051e-01 -1.661276e-02 -1.251672e+00 1.335409e-01 1.788916e-02 9.908818e-01 7.613139e+01
9.913153e-01 1.286153e-02 -1.308759e-01 -5.699334e+00 -1.474281e-02 9.998013e-01 -1.341582e-02 -1.258450e+00 1.306773e-01 1.522878e-02 9.913080e-01 7.671120e+01
9.916002e-01 1.151072e-02 -1.288274e-01 -5.710086e+00 -1.317821e-02 9.998400e-01 -1.209862e-02 -1.239282e+00 1.286675e-01 1.369471e-02 9.915932e-01 7.729849e+01
9.922936e-01 7.578686e-03 -1.236765e-01 -5.762469e+00 -8.790902e-03 9.999185e-01 -9.258732e-03 -1.240398e+00 1.235962e-01 1.027461e-02 9.922794e-01 7.785087e+01
9.932241e-01 2.998814e-03 -1.161765e-01 -5.802717e+00 -3.856102e-03 9.999670e-01 -7.155130e-03 -1.244805e+00 1.161512e-01 7.554636e-03 9.932028e-01 7.838753e+01
9.942992e-01 6.835026e-03 -1.064064e-01 -5.839173e+00 -7.620780e-03 9.999466e-01 -6.979614e-03 -1.256286e+00 1.063530e-01 7.750724e-03 9.942982e-01 7.890278e+01
9.957037e-01 1.206017e-02 -9.180809e-02 -5.880751e+00 -1.279932e-02 9.998902e-01 -7.466495e-03 -1.258490e+00 9.170797e-02 8.609498e-03 9.957487e-01 7.941269e+01
9.971015e-01 1.724159e-02 -7.410321e-02 -5.913700e+00 -1.774478e-02 9.998237e-01 -6.137278e-03 -1.273579e+00 7.398433e-02 7.434434e-03 9.972317e-01 7.990741e+01
9.985006e-01 1.612143e-02 -5.231297e-02 -5.919914e+00 -1.646554e-02 9.998455e-01 -6.153714e-03 -1.273145e+00 5.220568e-02 7.005849e-03 9.986118e-01 8.039784e+01
9.995875e-01 1.291847e-02 -2.564915e-02 -5.919056e+00 -1.305872e-02 9.999006e-01 -5.307819e-03 -1.277232e+00 2.557803e-02 5.640575e-03 9.996569e-01 8.085869e+01
9.999178e-01 1.234983e-02 3.457766e-03 -5.888378e+00 -1.233610e-02 9.999160e-01 -3.964392e-03 -1.282155e+00 -3.506436e-03 3.921411e-03 9.999862e-01 8.131744e+01
9.992664e-01 1.251033e-02 3.619532e-02 -5.841065e+00 -1.239426e-02 9.999173e-01 -3.429547e-03 -1.271501e+00 -3.623523e-02 2.978417e-03 9.993389e-01 8.177227e+01
9.971410e-01 1.263661e-02 7.449923e-02 -5.796308e+00 -1.248056e-02 9.999188e-01 -2.559825e-03 -1.279764e+00 -7.452553e-02 1.622715e-03 9.972178e-01 8.222061e+01
9.930438e-01 1.320619e-02 1.170027e-01 -5.731078e+00 -1.300154e-02 9.999123e-01 -2.512180e-03 -1.283754e+00 -1.170256e-01 9.734890e-04 9.931284e-01 8.266441e+01
9.865267e-01 1.295220e-02 1.630869e-01 -5.643362e+00 -1.261720e-02 9.999156e-01 -3.089801e-03 -1.281334e+00 -1.631131e-01 9.904725e-04 9.866069e-01 8.308996e+01
9.768367e-01 1.465784e-02 2.134835e-01 -5.533461e+00 -1.357590e-02 9.998865e-01 -6.533251e-03 -1.273843e+00 -2.135550e-01 3.483689e-03 9.769248e-01 8.351779e+01
9.634682e-01 1.539332e-02 2.673802e-01 -5.390869e+00 -1.294144e-02 9.998565e-01 -1.092993e-02 -1.257743e+00 -2.675101e-01 7.070352e-03 9.635291e-01 8.391587e+01
9.469433e-01 1.561029e-02 3.210213e-01 -5.164304e+00 -1.149488e-02 9.998257e-01 -1.471107e-02 -1.239608e+00 -3.211950e-01 1.024044e-02 9.469577e-01 8.430393e+01
9.252432e-01 1.678170e-02 3.790031e-01 -4.976235e+00 -1.070832e-02 9.997783e-01 -1.812697e-02 -1.215764e+00 -3.792233e-01 1.271337e-02 9.252178e-01 8.465771e+01
8.989834e-01 1.751894e-02 4.376322e-01 -4.758227e+00 -9.176156e-03 9.997338e-01 -2.117089e-02 -1.197234e+00 -4.378865e-01 1.501650e-02 8.989048e-01 8.500158e+01
8.678376e-01 1.494844e-02 4.966230e-01 -4.490423e+00 -2.808699e-03 9.996789e-01 -2.518237e-02 -1.152924e+00 -4.968400e-01 2.045934e-02 8.676010e-01 8.537385e+01
8.310048e-01 1.466236e-02 5.560720e-01 -4.237762e+00 5.728205e-04 9.996295e-01 -2.721400e-02 -1.141187e+00 -5.562650e-01 2.293349e-02 8.306884e-01 8.576429e+01
7.883521e-01 1.646244e-02 6.150040e-01 -3.940888e+00 4.682345e-03 9.994524e-01 -3.275550e-02 -1.051542e+00 -6.152065e-01 2.870253e-02 7.878434e-01 8.621229e+01
7.413837e-01 2.002321e-02 6.707826e-01 -3.676634e+00 2.432457e-03 9.994680e-01 -3.252312e-02 -1.066287e+00 -6.710770e-01 2.574376e-02 7.409405e-01 8.661786e+01
6.907065e-01 2.173738e-02 7.228085e-01 -3.380538e+00 4.290888e-03 9.994073e-01 -3.415600e-02 -1.049176e+00 -7.231225e-01 2.669326e-02 6.902038e-01 8.700960e+01
6.387988e-01 2.148760e-02 7.690737e-01 -3.055033e+00 7.989172e-03 9.993708e-01 -3.455788e-02 -1.046238e+00 -7.693323e-01 2.821979e-02 6.382252e-01 8.735171e+01
5.858050e-01 1.816419e-02 8.102485e-01 -2.686971e+00 1.561334e-02 9.993103e-01 -3.369095e-02 -1.013913e+00 -8.103016e-01 3.238701e-02 5.851174e-01 8.767912e+01
5.390646e-01 2.218282e-02 8.419722e-01 -2.363011e+00 1.330574e-02 9.993041e-01 -3.484680e-02 -1.065921e+00 -8.421593e-01 2.998774e-02 5.383943e-01 8.784228e+01
4.924791e-01 2.853106e-02 8.698565e-01 -2.041332e+00 1.053962e-02 9.991937e-01 -3.874041e-02 -1.098239e+00 -8.702605e-01 2.824680e-02 4.917813e-01 8.797872e+01
4.460791e-01 3.157585e-02 8.944364e-01 -1.670496e+00 1.354337e-02 9.990249e-01 -4.202252e-02 -1.092051e+00 -8.948911e-01 3.085905e-02 4.452165e-01 8.814204e+01
4.032178e-01 2.616571e-02 9.147299e-01 -1.283257e+00 1.564937e-02 9.992478e-01 -3.548166e-02 -1.136061e+00 -9.149702e-01 2.862178e-02 4.025050e-01 8.825894e+01
3.633152e-01 1.303391e-02 9.315751e-01 -9.134719e-01 2.121611e-02 9.995271e-01 -2.225895e-02 -1.121579e+00 -9.314247e-01 2.785142e-02 3.628668e-01 8.834495e+01
3.279767e-01 1.059800e-02 9.446264e-01 -4.958119e-01 2.036228e-02 9.996255e-01 -1.828488e-02 -1.139998e+00 -9.444663e-01 2.523176e-02 3.276381e-01 8.842087e+01
2.951411e-01 5.289193e-03 9.554390e-01 3.288405e-01 3.001961e-02 9.994396e-01 -1.480602e-02 -1.032389e+00 -9.549820e-01 3.305177e-02 2.948169e-01 8.868361e+01
2.683322e-01 1.899011e-02 9.631392e-01 7.201172e-01 2.821469e-02 9.992218e-01 -2.756221e-02 -1.093890e+00 -9.629132e-01 3.457050e-02 2.675876e-01 8.870173e+01
2.401065e-01 2.479023e-02 9.704300e-01 1.186370e+00 3.033003e-02 9.989942e-01 -3.302427e-02 -1.111764e+00 -9.702726e-01 3.736251e-02 2.391131e-01 8.879612e+01
2.146868e-01 2.501649e-02 9.763625e-01 1.669542e+00 3.206063e-02 9.989527e-01 -3.264493e-02 -1.171342e+00 -9.761566e-01 3.831124e-02 2.136599e-01 8.885798e+01
1.911269e-01 1.854721e-02 9.813901e-01 2.074750e+00 3.612903e-02 9.990110e-01 -2.591640e-02 -1.200081e+00 -9.809002e-01 4.041000e-02 1.902678e-01 8.890928e+01
1.704333e-01 1.380378e-02 9.852725e-01 2.494723e+00 4.482199e-02 9.987583e-01 -2.174606e-02 -1.196463e+00 -9.843493e-01 4.786813e-02 1.696029e-01 8.896345e+01
1.510684e-01 1.299503e-02 9.884379e-01 2.944030e+00 5.191882e-02 9.984292e-01 -2.106142e-02 -1.203804e+00 -9.871589e-01 5.450024e-02 1.501564e-01 8.901025e+01
1.337056e-01 1.576781e-02 9.908956e-01 3.434445e+00 5.247042e-02 9.983583e-01 -2.296661e-02 -1.205705e+00 -9.896311e-01 5.506347e-02 1.326588e-01 8.907377e+01
1.174842e-01 1.939603e-02 9.928853e-01 3.810825e+00 4.678125e-02 9.985912e-01 -2.504294e-02 -1.249689e+00 -9.919723e-01 4.939057e-02 1.164113e-01 8.916207e+01
1.033212e-01 2.088152e-02 9.944288e-01 4.266053e+00 4.306157e-02 9.987483e-01 -2.544632e-02 -1.280737e+00 -9.937155e-01 4.545081e-02 1.022927e-01 8.918969e+01
8.923075e-02 2.093777e-02 9.957909e-01 4.765290e+00 4.119338e-02 9.988460e-01 -2.469326e-02 -1.300996e+00 -9.951588e-01 4.322339e-02 8.826528e-02 8.924748e+01
8.794179e-02 1.697663e-02 9.959809e-01 5.377680e+00 4.251886e-02 9.988795e-01 -2.078031e-02 -1.290659e+00 -9.952178e-01 4.417544e-02 8.712142e-02 8.916368e+01
7.733338e-02 1.519738e-02 9.968895e-01 5.864903e+00 4.374191e-02 9.988693e-01 -1.862083e-02 -1.302366e+00 -9.960453e-01 4.504586e-02 7.658118e-02 8.920293e+01
6.964192e-02 1.447825e-02 9.974670e-01 6.299214e+00 4.458323e-02 9.988504e-01 -1.761107e-02 -1.295137e+00 -9.965753e-01 4.569677e-02 6.891637e-02 8.920618e+01
6.422971e-02 1.346974e-02 9.978442e-01 6.846074e+00 4.494016e-02 9.988554e-01 -1.637612e-02 -1.319076e+00 -9.969227e-01 4.589511e-02 6.355086e-02 8.921847e+01
5.951542e-02 1.618358e-02 9.980962e-01 7.382793e+00 4.453306e-02 9.988300e-01 -1.885093e-02 -1.403107e+00 -9.972335e-01 4.557020e-02 5.872508e-02 8.917453e+01
5.262741e-02 1.638755e-02 9.984797e-01 8.186582e+00 4.507832e-02 9.988071e-01 -1.876889e-02 -1.449008e+00 -9.975963e-01 4.599755e-02 5.182591e-02 8.927508e+01
4.896969e-02 1.587381e-02 9.986741e-01 8.765728e+00 4.533837e-02 9.988077e-01 -1.809909e-02 -1.455333e+00 -9.977707e-01 4.616457e-02 4.819161e-02 8.924948e+01
4.905753e-02 2.075280e-02 9.985803e-01 9.412225e+00 4.240573e-02 9.988393e-01 -2.284146e-02 -1.596974e+00 -9.978953e-01 4.346607e-02 4.812056e-02 8.915176e+01
4.623894e-02 1.926085e-02 9.987447e-01 1.002231e+01 4.227990e-02 9.988804e-01 -2.122091e-02 -1.605592e+00 -9.980353e-01 4.320805e-02 4.537282e-02 8.916864e+01
4.423064e-02 2.047733e-02 9.988115e-01 1.057947e+01 4.108468e-02 9.989068e-01 -2.229865e-02 -1.654481e+00 -9.981762e-01 4.202213e-02 4.334098e-02 8.913824e+01
4.298018e-02 1.533209e-02 9.989583e-01 1.123327e+01 4.107772e-02 9.990096e-01 -1.710025e-02 -1.665396e+00 -9.982311e-01 4.176990e-02 4.230780e-02 8.917019e+01
4.379372e-02 1.178305e-02 9.989711e-01 1.191956e+01 4.134757e-02 9.990523e-01 -1.359664e-02 -1.672317e+00 -9.981846e-01 4.190047e-02 4.326501e-02 8.919218e+01
4.573458e-02 9.889522e-03 9.989047e-01 1.261643e+01 4.163147e-02 9.990634e-01 -1.179718e-02 -1.680148e+00 -9.980858e-01 4.212541e-02 4.528003e-02 8.922946e+01
5.015546e-02 7.276499e-03 9.987149e-01 1.324484e+01 4.136695e-02 9.991002e-01 -9.356754e-03 -1.695265e+00 -9.978844e-01 4.178308e-02 4.980933e-02 8.921293e+01
5.484394e-02 6.214438e-03 9.984756e-01 1.398916e+01 3.962116e-02 9.991795e-01 -8.395118e-03 -1.736362e+00 -9.977085e-01 4.002118e-02 5.455272e-02 8.924919e+01
5.882923e-02 4.397250e-03 9.982584e-01 1.477179e+01 3.877573e-02 9.992256e-01 -6.686637e-03 -1.732726e+00 -9.975147e-01 3.910156e-02 5.861317e-02 8.930955e+01
6.285261e-02 4.346082e-03 9.980134e-01 1.553477e+01 3.714764e-02 9.992874e-01 -6.691104e-03 -1.743962e+00 -9.973312e-01 3.749439e-02 6.264638e-02 8.936047e+01
6.781496e-02 7.161062e-03 9.976722e-01 1.632324e+01 3.505672e-02 9.993396e-01 -9.555948e-03 -1.744829e+00 -9.970818e-01 3.562315e-02 6.751914e-02 8.940559e+01
7.185592e-02 8.227719e-03 9.973811e-01 1.710874e+01 3.390238e-02 9.993680e-01 -1.068659e-02 -1.759710e+00 -9.968387e-01 3.458149e-02 7.153157e-02 8.946639e+01
7.654844e-02 1.085758e-02 9.970067e-01 1.790741e+01 3.411783e-02 9.993266e-01 -1.350235e-02 -1.782124e+00 -9.964820e-01 3.504929e-02 7.612645e-02 8.952502e+01
7.949770e-02 1.387347e-02 9.967385e-01 1.869082e+01 3.693110e-02 9.991757e-01 -1.685294e-02 -1.829312e+00 -9.961507e-01 3.815042e-02 7.891981e-02 8.959637e+01
8.107088e-02 1.985414e-02 9.965106e-01 1.949400e+01 4.302153e-02 9.988001e-01 -2.339977e-02 -1.825721e+00 -9.957794e-01 4.476845e-02 8.011944e-02 8.967430e+01
7.908389e-02 2.453662e-02 9.965659e-01 2.030222e+01 4.881335e-02 9.984025e-01 -2.845549e-02 -1.801199e+00 -9.956721e-01 5.089609e-02 7.775984e-02 8.978680e+01
7.945389e-02 2.668191e-02 9.964814e-01 2.111082e+01 4.809543e-02 9.983749e-01 -3.056747e-02 -1.829617e+00 -9.956776e-01 5.035491e-02 7.804150e-02 8.985631e+01
8.057375e-02 2.949119e-02 9.963123e-01 2.193394e+01 4.560640e-02 9.984063e-01 -3.324145e-02 -1.871675e+00 -9.957047e-01 4.811661e-02 7.910035e-02 8.991251e+01
8.001315e-02 2.855611e-02 9.963847e-01 2.275954e+01 4.492537e-02 9.984705e-01 -3.222355e-02 -1.904373e+00 -9.957809e-01 4.734126e-02 7.860788e-02 8.999011e+01
8.077196e-02 3.092566e-02 9.962527e-01 2.358091e+01 4.386563e-02 9.984398e-01 -3.454999e-02 -1.945467e+00 -9.957669e-01 4.649192e-02 7.928936e-02 9.006152e+01
8.115528e-02 3.262263e-02 9.961674e-01 2.439888e+01 4.328608e-02 9.984059e-01 -3.622234e-02 -1.996884e+00 -9.957611e-01 4.605982e-02 7.961380e-02 9.013442e+01
8.092437e-02 3.576377e-02 9.960784e-01 2.520114e+01 4.284014e-02 9.983077e-01 -3.932428e-02 -2.052576e+00 -9.957992e-01 4.585443e-02 7.925530e-02 9.021466e+01
7.866664e-02 3.969666e-02 9.961103e-01 2.608534e+01 4.355539e-02 9.981159e-01 -4.321632e-02 -2.111151e+00 -9.959490e-01 4.678565e-02 7.678941e-02 9.032894e+01
7.804808e-02 3.891533e-02 9.961898e-01 2.697527e+01 4.732896e-02 9.979666e-01 -4.269280e-02 -2.076694e+00 -9.958255e-01 5.048072e-02 7.604755e-02 9.039914e+01
7.446304e-02 4.242107e-02 9.963211e-01 2.777099e+01 4.579726e-02 9.978952e-01 -4.591088e-02 -2.119932e+00 -9.961716e-01 4.904744e-02 7.236354e-02 9.045956e+01
6.979348e-02 4.500895e-02 9.965456e-01 2.857066e+01 4.302669e-02 9.979161e-01 -4.808425e-02 -2.167532e+00 -9.966331e-01 4.623402e-02 6.771146e-02 9.051685e+01
6.369389e-02 4.796098e-02 9.968163e-01 2.933972e+01 4.070498e-02 9.978885e-01 -5.061350e-02 -2.208009e+00 -9.971390e-01 4.379916e-02 6.160715e-02 9.057585e+01
5.656154e-02 5.011494e-02 9.971406e-01 3.012980e+01 4.016140e-02 9.978169e-01 -5.242703e-02 -2.282515e+00 -9.975910e-01 4.301191e-02 5.442537e-02 9.059040e+01
4.832248e-02 5.136924e-02 9.975100e-01 3.094741e+01 4.084253e-02 9.977398e-01 -5.335961e-02 -2.341846e+00 -9.979964e-01 4.331930e-02 4.611521e-02 9.060726e+01
3.863876e-02 5.099531e-02 9.979512e-01 3.175788e+01 4.152563e-02 9.977523e-01 -5.259294e-02 -2.393108e+00 -9.983900e-01 4.347267e-02 3.643430e-02 9.062330e+01
2.918009e-02 4.966792e-02 9.983394e-01 3.252302e+01 4.106767e-02 9.978619e-01 -5.084451e-02 -2.427536e+00 -9.987302e-01 4.248313e-02 2.707795e-02 9.060811e+01
1.833016e-02 5.193385e-02 9.984823e-01 3.331082e+01 4.021404e-02 9.978037e-01 -5.263680e-02 -2.470636e+00 -9.990229e-01 4.111785e-02 1.620144e-02 9.063036e+01
7.134495e-03 5.106950e-02 9.986696e-01 3.409538e+01 3.935040e-02 9.979071e-01 -5.131162e-02 -2.527653e+00 -9.992000e-01 3.966413e-02 5.109958e-03 9.063325e+01
-3.629011e-03 5.152965e-02 9.986649e-01 3.487114e+01 4.042384e-02 9.978627e-01 -5.134136e-02 -2.565957e+00 -9.991760e-01 4.018355e-02 -5.704281e-03 9.062838e+01
-1.459403e-02 5.222527e-02 9.985287e-01 3.563732e+01 4.093658e-02 9.978290e-01 -5.159036e-02 -2.615723e+00 -9.990552e-01 4.012344e-02 -1.670027e-02 9.061568e+01
-2.473014e-02 5.215554e-02 9.983327e-01 3.641259e+01 4.213609e-02 9.978051e-01 -5.108421e-02 -2.665778e+00 -9.988058e-01 4.080252e-02 -2.687349e-02 9.059077e+01
-3.506654e-02 5.640595e-02 9.977919e-01 3.716271e+01 4.206911e-02 9.976043e-01 -5.491686e-02 -2.744781e+00 -9.984991e-01 4.005048e-02 -3.735548e-02 9.055319e+01
-4.355287e-02 5.596107e-02 9.974826e-01 3.792418e+01 4.189603e-02 9.976540e-01 -5.414139e-02 -2.808979e+00 -9.981723e-01 3.943255e-02 -4.579524e-02 9.049461e+01
-5.222863e-02 5.311499e-02 9.972216e-01 3.847280e+01 4.295508e-02 9.977798e-01 -5.089498e-02 -2.792956e+00 -9.977109e-01 4.017756e-02 -5.439423e-02 9.043734e+01
-6.246579e-02 5.245517e-02 9.966677e-01 3.920962e+01 4.269429e-02 9.978442e-01 -4.984125e-02 -2.854414e+00 -9.971335e-01 3.943864e-02 -6.457066e-02 9.040664e+01
-7.230220e-02 5.292939e-02 9.959773e-01 3.992613e+01 4.387799e-02 9.977929e-01 -4.984059e-02 -2.866440e+00 -9.964171e-01 4.009790e-02 -7.446506e-02 9.037805e+01
-8.111224e-02 5.138553e-02 9.953795e-01 4.062119e+01 4.218172e-02 9.979524e-01 -4.808101e-02 -2.914372e+00 -9.958120e-01 3.808686e-02 -8.311368e-02 9.034939e+01
-8.626361e-02 4.900258e-02 9.950665e-01 4.132992e+01 3.982650e-02 9.981609e-01 -4.570236e-02 -2.963831e+00 -9.954760e-01 3.568757e-02 -8.805657e-02 9.027638e+01
-9.220049e-02 4.510455e-02 9.947184e-01 4.204333e+01 3.792519e-02 9.984078e-01 -4.175655e-02 -2.996437e+00 -9.950180e-01 3.387491e-02 -9.376429e-02 9.033818e+01
-1.187542e-01 5.601507e-02 9.913424e-01 4.264046e+01 5.157318e-02 9.974077e-01 -5.017976e-02 -2.865333e+00 -9.915834e-01 4.516762e-02 -1.213353e-01 9.080190e+01
-1.207574e-01 5.622667e-02 9.910884e-01 4.331998e+01 5.037731e-02 9.974552e-01 -5.044975e-02 -2.921789e+00 -9.914029e-01 4.383619e-02 -1.232826e-01 9.072333e+01
-1.257310e-01 7.255075e-02 9.894080e-01 4.363453e+01 5.327086e-02 9.963772e-01 -6.629229e-02 -2.798607e+00 -9.906331e-01 4.437162e-02 -1.291403e-01 9.081457e+01
-1.252038e-01 7.165018e-02 9.895404e-01 4.428498e+01 5.408654e-02 9.963986e-01 -6.530334e-02 -2.852915e+00 -9.906557e-01 4.534460e-02 -1.286282e-01 9.074023e+01
-1.224898e-01 6.943600e-02 9.900378e-01 4.495688e+01 5.553175e-02 9.964663e-01 -6.301634e-02 -2.909152e+00 -9.909150e-01 4.725967e-02 -1.259129e-01 9.066669e+01
-1.172552e-01 6.958480e-02 9.906610e-01 4.555978e+01 5.580211e-02 9.964278e-01 -6.338510e-02 -2.965950e+00 -9.915328e-01 4.784875e-02 -1.207193e-01 9.059037e+01
-1.094556e-01 7.060625e-02 9.914808e-01 4.615026e+01 5.646882e-02 9.963047e-01 -6.471584e-02 -3.022860e+00 -9.923864e-01 4.890425e-02 -1.130381e-01 9.053353e+01
-9.808862e-02 7.105380e-02 9.926379e-01 4.672783e+01 5.660365e-02 9.962315e-01 -6.571768e-02 -3.075807e+00 -9.935666e-01 4.974077e-02 -1.017409e-01 9.048482e+01
-8.409793e-02 7.129841e-02 9.939035e-01 4.728332e+01 5.673176e-02 9.961616e-01 -6.666012e-02 -3.132866e+00 -9.948412e-01 5.077992e-02 -8.782001e-02 9.044356e+01
-6.699756e-02 7.114452e-02 9.952134e-01 4.781537e+01 5.802242e-02 9.960444e-01 -6.729786e-02 -3.184632e+00 -9.960646e-01 5.323590e-02 -7.086052e-02 9.042187e+01
-4.610492e-02 7.100386e-02 9.964100e-01 4.832527e+01 6.118945e-02 9.957983e-01 -6.812897e-02 -3.223317e+00 -9.970608e-01 5.782870e-02 -5.025589e-02 9.041704e+01
-2.103395e-02 7.131814e-02 9.972318e-01 4.884447e+01 6.350918e-02 9.955333e-01 -6.985711e-02 -3.280778e+00 -9.977596e-01 6.186400e-02 -2.546936e-02 9.041664e+01
8.111886e-03 7.025214e-02 9.974963e-01 4.937024e+01 6.532047e-02 9.953614e-01 -7.063298e-02 -3.324334e+00 -9.978314e-01 6.572989e-02 3.485355e-03 9.042594e+01
4.173533e-02 6.878068e-02 9.967584e-01 4.988299e+01 6.510881e-02 9.953199e-01 -7.140759e-02 -3.360175e+00 -9.970050e-01 6.787798e-02 3.706178e-02 9.046190e+01
8.029260e-02 6.601620e-02 9.945828e-01 5.038991e+01 6.219845e-02 9.955281e-01 -7.110022e-02 -3.415032e+00 -9.948289e-01 6.757033e-02 7.582743e-02 9.051672e+01
1.239551e-01 6.475295e-02 9.901728e-01 5.089287e+01 5.839988e-02 9.956628e-01 -7.242278e-02 -3.457747e+00 -9.905678e-01 6.680315e-02 1.196359e-01 9.058422e+01
1.697923e-01 6.332850e-02 9.834430e-01 5.138773e+01 5.386434e-02 9.958449e-01 -7.342685e-02 -3.501364e+00 -9.840067e-01 6.543982e-02 1.656756e-01 9.068965e+01
2.209952e-01 6.310392e-02 9.732312e-01 5.188968e+01 5.130526e-02 9.957705e-01 -7.621544e-02 -3.519858e+00 -9.739245e-01 6.677513e-02 2.168229e-01 9.079899e+01
2.717678e-01 6.251212e-02 9.603304e-01 5.237804e+01 5.422769e-02 9.953079e-01 -8.013507e-02 -3.495470e+00 -9.608338e-01 7.385463e-02 2.671027e-01 9.099260e+01
3.280019e-01 5.768394e-02 9.429143e-01 5.286850e+01 5.479159e-02 9.952920e-01 -7.994800e-02 -3.537650e+00 -9.430867e-01 7.788687e-02 3.232971e-01 9.117583e+01
3.876489e-01 5.041411e-02 9.204275e-01 5.335738e+01 6.362370e-02 9.946589e-01 -8.127582e-02 -3.503739e+00 -9.196088e-01 9.006749e-02 3.823709e-01 9.139317e+01
4.459849e-01 4.242364e-02 8.940345e-01 5.374504e+01 6.804586e-02 9.943781e-01 -8.112950e-02 -3.570116e+00 -8.924501e-01 9.701788e-02 4.405909e-01 9.164149e+01
5.074876e-01 3.094250e-02 8.611033e-01 5.415099e+01 7.521041e-02 9.939501e-01 -8.004110e-02 -3.603683e+00 -8.583704e-01 1.053838e-01 5.020901e-01 9.187448e+01
5.673108e-01 2.711168e-02 8.230574e-01 5.458767e+01 7.778926e-02 9.932246e-01 -8.633502e-02 -3.635576e+00 -8.198215e-01 1.130038e-01 5.613580e-01 9.220281e+01
6.521129e-01 7.508064e-03 7.580847e-01 5.544597e+01 8.333648e-02 9.931812e-01 -8.152343e-02 -3.714058e+00 -7.535275e-01 1.163386e-01 6.470406e-01 9.204913e+01
7.034925e-01 -2.646593e-03 7.106978e-01 5.575969e+01 8.545645e-02 9.930527e-01 -8.089199e-02 -3.769835e+00 -7.055463e-01 1.176406e-01 6.988313e-01 9.237503e+01
7.503771e-01 -1.306198e-02 6.608810e-01 5.605578e+01 8.730605e-02 9.930040e-01 -7.950276e-02 -3.802328e+00 -6.552190e-01 1.173560e-01 7.462678e-01 9.274057e+01
7.935136e-01 -2.303747e-02 6.081163e-01 5.634131e+01 8.583674e-02 9.935298e-01 -7.436769e-02 -3.850509e+00 -6.024684e-01 1.112105e-01 7.903569e-01 9.315986e+01
8.327556e-01 -3.175916e-02 5.527291e-01 5.659496e+01 8.224714e-02 9.943721e-01 -6.678018e-02 -3.923307e+00 -5.474975e-01 1.010720e-01 8.306810e-01 9.358718e+01
8.732758e-01 -3.616465e-02 4.858823e-01 5.699943e+01 8.050878e-02 9.942436e-01 -7.069592e-02 -3.863739e+00 -4.805286e-01 1.008548e-01 8.711604e-01 9.411662e+01
9.020290e-01 -3.726930e-02 4.300636e-01 5.715387e+01 7.342565e-02 9.949948e-01 -6.777904e-02 -3.917842e+00 -4.253850e-01 9.271636e-02 9.002507e-01 9.456426e+01
9.248316e-01 -3.983119e-02 3.782855e-01 5.728621e+01 6.948390e-02 9.954594e-01 -6.505821e-02 -3.943956e+00 -3.739765e-01 8.645265e-02 9.234000e-01 9.503392e+01
9.429562e-01 -4.139802e-02 3.303329e-01 5.742370e+01 6.552755e-02 9.959076e-01 -6.224327e-02 -4.004319e+00 -3.264043e-01 8.033858e-02 9.418099e-01 9.549769e+01
9.570075e-01 -3.823977e-02 2.875317e-01 5.754991e+01 5.924411e-02 9.961443e-01 -6.470496e-02 -4.009003e+00 -2.839487e-01 7.895768e-02 9.555830e-01 9.601098e+01
9.669992e-01 -3.600172e-02 2.522229e-01 5.762539e+01 5.386713e-02 9.964766e-01 -6.428678e-02 -4.110027e+00 -2.490198e-01 7.575179e-02 9.655314e-01 9.647673e+01
9.745670e-01 -3.531166e-02 2.212965e-01 5.769389e+01 5.100796e-02 9.965402e-01 -6.561873e-02 -4.153344e+00 -2.182138e-01 7.523773e-02 9.729964e-01 9.696709e+01
9.789613e-01 -4.255337e-02 1.995595e-01 5.777892e+01 5.645677e-02 9.963192e-01 -6.450331e-02 -4.201879e+00 -1.960802e-01 7.441273e-02 9.777604e-01 9.747978e+01
9.822295e-01 -4.747378e-02 1.815802e-01 5.789919e+01 6.004275e-02 9.961189e-01 -6.435852e-02 -4.224798e+00 -1.778201e-01 7.411741e-02 9.812679e-01 9.795715e+01
9.846918e-01 -4.431168e-02 1.685780e-01 5.796262e+01 5.606500e-02 9.962691e-01 -6.560989e-02 -4.262343e+00 -1.650417e-01 7.405684e-02 9.835023e-01 9.843794e+01
9.865173e-01 -3.730186e-02 1.593491e-01 5.800391e+01 4.822900e-02 9.967018e-01 -6.526495e-02 -4.327173e+00 -1.563890e-01 7.207026e-02 9.850626e-01 9.896750e+01
9.880414e-01 -2.969929e-02 1.513017e-01 5.809230e+01 4.010380e-02 9.970011e-01 -6.618559e-02 -4.391774e+00 -1.488823e-01 7.146187e-02 9.862694e-01 9.945639e+01
9.886002e-01 -2.490955e-02 1.484894e-01 5.815125e+01 3.566577e-02 9.968937e-01 -7.022062e-02 -4.442711e+00 -1.462789e-01 7.471611e-02 9.864177e-01 9.998508e+01
9.886500e-01 -2.417618e-02 1.482790e-01 5.821870e+01 3.528316e-02 9.967267e-01 -7.273887e-02 -4.493069e+00 -1.460351e-01 7.714503e-02 9.862669e-01 1.005300e+02
9.881219e-01 -2.596282e-02 1.514628e-01 5.830363e+01 3.788330e-02 9.963607e-01 -7.635528e-02 -4.530873e+00 -1.489292e-01 8.118623e-02 9.855095e-01 1.010901e+02
9.866176e-01 -4.486494e-02 1.567570e-01 5.850565e+01 5.773238e-02 9.952395e-01 -7.851913e-02 -4.800854e+00 -1.524880e-01 8.651831e-02 9.845110e-01 1.019861e+02
9.859295e-01 -4.590207e-02 1.607359e-01 5.860629e+01 5.988694e-02 9.947260e-01 -8.326902e-02 -4.838129e+00 -1.560660e-01 9.172336e-02 9.834786e-01 1.025520e+02
9.858378e-01 -3.515628e-02 1.639749e-01 5.876028e+01 4.936096e-02 9.952952e-01 -8.337263e-02 -4.930738e+00 -1.602724e-01 9.028586e-02 9.829350e-01 1.030251e+02
9.849179e-01 -3.074852e-02 1.702680e-01 5.883774e+01 4.485390e-02 9.958152e-01 -7.962488e-02 -4.989727e+00 -1.671072e-01 8.606116e-02 9.821755e-01 1.036375e+02
9.810266e-01 -3.233053e-02 1.911583e-01 5.862357e+01 4.713405e-02 9.961876e-01 -7.340773e-02 -5.114020e+00 -1.880562e-01 8.102500e-02 9.788104e-01 1.047170e+02
9.790970e-01 -3.666920e-02 2.000612e-01 5.867074e+01 5.174073e-02 9.961596e-01 -7.063249e-02 -5.114603e+00 -1.967028e-01 7.950737e-02 9.772341e-01 1.053470e+02
9.782658e-01 -3.692923e-02 2.040400e-01 5.879757e+01 5.132941e-02 9.965158e-01 -6.573831e-02 -5.166166e+00 -2.009014e-01 7.478278e-02 9.767529e-01 1.059948e+02
9.774000e-01 -4.128208e-02 2.073285e-01 5.893287e+01 5.554508e-02 9.964382e-01 -6.344867e-02 -5.229901e+00 -2.039707e-01 7.353080e-02 9.762116e-01 1.066514e+02
9.772825e-01 -4.307795e-02 2.075166e-01 5.910725e+01 5.781119e-02 9.961790e-01 -6.546234e-02 -5.308976e+00 -2.039037e-01 7.597198e-02 9.760387e-01 1.072795e+02
9.771639e-01 -4.598975e-02 2.074504e-01 5.923931e+01 6.208185e-02 9.954897e-01 -7.173674e-02 -5.362657e+00 -2.032156e-01 8.297745e-02 9.756117e-01 1.079281e+02
9.772881e-01 -4.590585e-02 2.068829e-01 5.937038e+01 6.329127e-02 9.949256e-01 -7.821286e-02 -5.419402e+00 -2.022427e-01 8.953038e-02 9.752344e-01 1.086028e+02
9.778780e-01 -4.476790e-02 2.043292e-01 5.949663e+01 6.272304e-02 9.946353e-01 -8.225820e-02 -5.477218e+00 -1.995505e-01 9.325464e-02 9.754400e-01 1.092811e+02
9.783771e-01 -4.503098e-02 2.018672e-01 5.964683e+01 6.196534e-02 9.949969e-01 -7.836728e-02 -5.529897e+00 -1.973283e-01 8.918153e-02 9.762726e-01 1.100226e+02
9.785880e-01 -4.711354e-02 2.003640e-01 5.979111e+01 6.231853e-02 9.955797e-01 -7.026654e-02 -5.590591e+00 -1.961679e-01 8.124839e-02 9.771985e-01 1.107162e+02
9.790806e-01 -4.706111e-02 1.979557e-01 5.993504e+01 6.090474e-02 9.960617e-01 -6.443299e-02 -5.676591e+00 -1.941438e-01 7.514153e-02 9.780910e-01 1.115085e+02
9.796683e-01 -4.370230e-02 1.958065e-01 6.007801e+01 5.767023e-02 9.961378e-01 -6.620914e-02 -5.727974e+00 -1.921568e-01 7.615520e-02 9.784049e-01 1.122395e+02
9.802592e-01 -3.915265e-02 1.938015e-01 6.019420e+01 5.393474e-02 9.959746e-01 -7.159377e-02 -5.812106e+00 -1.902183e-01 8.063308e-02 9.784249e-01 1.130487e+02
9.809952e-01 -4.024918e-02 1.898114e-01 6.033537e+01 5.561629e-02 9.955296e-01 -7.633929e-02 -5.885807e+00 -1.858903e-01 8.544508e-02 9.788483e-01 1.137647e+02
9.815042e-01 -4.284572e-02 1.865845e-01 6.045911e+01 5.861898e-02 9.950814e-01 -7.985553e-02 -5.929347e+00 -1.822453e-01 8.931593e-02 9.791881e-01 1.145180e+02
9.821345e-01 -4.535843e-02 1.826319e-01 6.060494e+01 6.043947e-02 9.951295e-01 -7.787347e-02 -6.003283e+00 -1.782102e-01 8.752040e-02 9.800925e-01 1.152954e+02
9.832273e-01 -4.907370e-02 1.756585e-01 6.086977e+01 6.336017e-02 9.950416e-01 -7.666626e-02 -6.033021e+00 -1.710252e-01 8.651011e-02 9.814614e-01 1.160279e+02
9.834938e-01 -4.971637e-02 1.739776e-01 6.099989e+01 6.337468e-02 9.952537e-01 -7.384979e-02 -6.105696e+00 -1.694803e-01 8.365658e-02 9.819766e-01 1.168271e+02
9.835832e-01 -5.243046e-02 1.726703e-01 6.114506e+01 6.559815e-02 9.952845e-01 -7.145417e-02 -6.170753e+00 -1.681097e-01 8.160798e-02 9.823845e-01 1.176348e+02
9.832927e-01 -5.798096e-02 1.725507e-01 6.128579e+01 7.086728e-02 9.950631e-01 -6.947853e-02 -6.235009e+00 -1.676704e-01 8.054592e-02 9.825472e-01 1.184435e+02
