9.999902e-01 -3.036448e-03 -3.211464e-03 -5.544677e-03 3.030184e-03 9.999935e-01 -1.953680e-03 -7.815576e-03 3.217375e-03 1.943929e-03 9.999929e-01 6.831411e-01
9.999709e-01 -1.991611e-03 -7.359813e-03 -1.609775e-02 1.966446e-03 9.999922e-01 -3.424832e-03 -1.772828e-02 7.366576e-03 3.410260e-03 9.999671e-01 1.388869e+00
9.999354e-01 -2.244916e-03 -1.114455e-02 -3.944494e-02 2.187108e-03 9.999841e-01 -5.196570e-03 -1.484168e-02 1.115603e-02 5.171860e-03 9.999244e-01 2.112826e+00
9.998741e-01 -3.722628e-04 -1.586138e-02 -6.373752e-02 2.712440e-04 9.999797e-01 -6.370528e-03 -1.320718e-02 1.586343e-02 6.365424e-03 9.998539e-01 2.852483e+00
9.997974e-01 -1.496373e-03 -2.007466e-02 -9.081853e-02 1.361419e-03 9.999764e-01 -6.734630e-03 -1.957161e-02 2.008426e-02 6.705935e-03 9.997758e-01 3.607261e+00
9.997078e-01 7.263177e-04 -2.416279e-02 -1.304294e-01 -9.089385e-04 9.999711e-01 -7.547812e-03 -3.920091e-02 2.415661e-02 7.567569e-03 9.996795e-01 4.373599e+00
9.995734e-01 3.426347e-03 -2.900435e-02 -1.704102e-01 -3.656833e-03 9.999621e-01 -7.897273e-03 -5.255780e-02 2.897620e-02 7.999969e-03 9.995481e-01 5.165298e+00
9.994309e-01 4.064944e-03 -3.348518e-02 -2.040450e-01 -4.275231e-03 9.999716e-01 -6.210816e-03 -6.767114e-02 3.345898e-02 6.350439e-03 9.994199e-01 5.965751e+00
9.992677e-01 3.044421e-03 -3.814266e-02 -2.406417e-01 -3.179231e-03 9.999889e-01 -3.474204e-03 -8.058190e-02 3.813166e-02 3.592924e-03 9.992663e-01 6.791668e+00
9.991305e-01 2.573031e-03 -4.161179e-02 -2.839722e-01 -2.611367e-03 9.999962e-01 -8.669495e-04 -9.011086e-02 4.160940e-02 9.748594e-04 9.991335e-01 7.616158e+00
9.990020e-01 3.871045e-03 -4.449845e-02 -3.276893e-01 -3.943042e-03 9.999911e-01 -1.530314e-03 -9.850532e-02 4.449213e-02 1.704246e-03 9.990083e-01 8.438769e+00
9.988914e-01 3.324127e-03 -4.695609e-02 -3.688647e-01 -3.414429e-03 9.999925e-01 -1.843044e-03 -1.073446e-01 4.694961e-02 2.001329e-03 9.988953e-01 9.273896e+00
9.988025e-01 8.235138e-04 -4.891681e-02 -4.102844e-01 -9.666805e-04 9.999953e-01 -2.903153e-03 -1.144075e-01 4.891419e-02 2.946963e-03 9.987986e-01 1.011699e+01
9.987025e-01 1.154839e-03 -5.091189e-02 -4.582264e-01 -1.270761e-03 9.999967e-01 -2.244599e-03 -1.222608e-01 5.090913e-02 2.306383e-03 9.987006e-01 1.097050e+01
9.986291e-01 -5.995456e-04 -5.234028e-02 -5.109693e-01 4.673382e-04 9.999967e-01 -2.538123e-03 -1.323752e-01 5.234163e-02 2.510183e-03 9.986261e-01 1.183710e+01
9.985503e-01 2.943707e-03 -5.374683e-02 -5.862507e-01 -3.203027e-03 9.999836e-01 -4.739343e-03 -1.525191e-01 5.373199e-02 4.904625e-03 9.985433e-01 1.272447e+01
9.984756e-01 4.657885e-03 -5.499824e-02 -6.552210e-01 -5.060863e-03 9.999613e-01 -7.190111e-03 -1.815160e-01 5.496262e-02 7.457489e-03 9.984606e-01 1.362716e+01
9.983339e-01 9.197587e-03 -5.696282e-02 -7.275011e-01 -9.698877e-03 9.999166e-01 -8.530085e-03 -2.019835e-01 5.687961e-02 9.068349e-03 9.983399e-01 1.452433e+01
9.982688e-01 9.924804e-03 -5.797297e-02 -7.893085e-01 -1.045353e-02 9.999064e-01 -8.824013e-03 -2.032117e-01 5.787997e-02 9.414759e-03 9.982792e-01 1.541449e+01
9.981760e-01 8.644043e-03 -5.974902e-02 -8.467521e-01 -9.110953e-03 9.999300e-01 -7.546511e-03 -2.139529e-01 5.967961e-02 8.077117e-03 9.981849e-01 1.633012e+01
9.980675e-01 9.531875e-03 -6.140392e-02 -9.109551e-01 -9.935828e-03 9.999309e-01 -6.276650e-03 -2.283523e-01 6.133985e-02 6.874619e-03 9.980933e-01 1.724594e+01
9.979684e-01 9.906798e-03 -6.293618e-02 -9.562155e-01 -1.030584e-02 9.999288e-01 -6.018906e-03 -2.551500e-01 6.287206e-02 6.655288e-03 9.979994e-01 1.814941e+01
9.978690e-01 9.636872e-03 -6.453313e-02 -1.015750e+00 -1.009617e-02 9.999259e-01 -6.794878e-03 -2.752375e-01 6.446287e-02 7.431936e-03 9.978924e-01 1.905873e+01
9.977920e-01 8.173503e-03 -6.591133e-02 -1.068701e+00 -8.692467e-03 9.999334e-01 -7.590729e-03 -2.931478e-01 6.584490e-02 8.146901e-03 9.977966e-01 1.999357e+01
9.977152e-01 7.991246e-03 -6.708563e-02 -1.118387e+00 -8.400456e-03 9.999478e-01 -5.819934e-03 -3.181194e-01 6.703562e-02 6.370186e-03 9.977302e-01 2.092326e+01
9.977134e-01 9.119671e-03 -6.696857e-02 -1.186626e+00 -9.305613e-03 9.999537e-01 -2.465124e-03 -3.300480e-01 6.694299e-02 3.082671e-03 9.977520e-01 2.183549e+01
9.977450e-01 1.010614e-02 -6.635322e-02 -1.251135e+00 -1.003911e-02 9.999487e-01 1.343534e-03 -3.438108e-01 6.636340e-02 -6.743775e-04 9.977953e-01 2.277685e+01
9.978465e-01 8.501704e-03 -6.503962e-02 -1.312861e+00 -8.267677e-03 9.999583e-01 3.866536e-03 -3.473357e-01 6.506978e-02 -3.320482e-03 9.978752e-01 2.372400e+01
9.979224e-01 8.633222e-03 -6.384666e-02 -1.372058e+00 -8.362209e-03 9.999549e-01 4.510770e-03 -3.548120e-01 6.388272e-02 -3.967499e-03 9.979495e-01 2.466361e+01
9.979902e-01 9.538457e-03 -6.264725e-02 -1.433051e+00 -9.465768e-03 9.999541e-01 1.456988e-03 -3.592685e-01 6.265827e-02 -8.610550e-04 9.980347e-01 2.561255e+01
9.980205e-01 1.103387e-02 -6.191321e-02 -1.494901e+00 -1.125902e-02 9.999312e-01 -3.288766e-03 -3.712120e-01 6.187266e-02 3.979338e-03 9.980761e-01 2.655521e+01
9.980948e-01 9.909561e-03 -6.089778e-02 -1.551555e+00 -1.029739e-02 9.999286e-01 -6.057900e-03 -3.947363e-01 6.083340e-02 6.673447e-03 9.981256e-01 2.752033e+01
9.981800e-01 6.843338e-03 -5.991599e-02 -1.619177e+00 -7.169295e-03 9.999606e-01 -5.226954e-03 -4.074966e-01 5.987786e-02 5.646997e-03 9.981897e-01 2.849526e+01
9.981685e-01 4.730126e-03 -6.030970e-02 -1.673675e+00 -4.759291e-03 9.999886e-01 -3.399469e-04 -4.216550e-01 6.030741e-02 6.263557e-04 9.981797e-01 2.947773e+01
9.981114e-01 5.514327e-04 -6.142777e-02 -1.731565e+00 -3.724167e-04 9.999957e-01 2.925663e-03 -4.419453e-01 6.142912e-02 -2.897261e-03 9.981072e-01 3.048278e+01
9.980228e-01 -7.134450e-03 -6.244678e-02 -1.782793e+00 7.283204e-03 9.999712e-01 2.154789e-03 -4.611884e-01 6.242961e-02 -2.605342e-03 9.980460e-01 3.148576e+01
9.978973e-01 -9.488683e-03 -6.411713e-02 -1.841997e+00 9.398833e-03 9.999544e-01 -1.702838e-03 -4.754818e-01 6.413036e-02 1.096631e-03 9.979409e-01 3.246531e+01
9.978015e-01 -9.313421e-03 -6.561607e-02 -1.911076e+00 8.961610e-03 9.999439e-01 -5.653953e-03 -4.850411e-01 6.566504e-02 5.053497e-03 9.978289e-01 3.344466e+01
9.976567e-01 -7.600754e-03 -6.799509e-02 -1.978032e+00 7.203194e-03 9.999555e-01 -6.090161e-03 -5.082987e-01 6.803835e-02 5.586108e-03 9.976671e-01 3.443618e+01
9.976128e-01 -8.351446e-03 -6.854930e-02 -2.064592e+00 8.029500e-03 9.999554e-01 -4.970751e-03 -5.147110e-01 6.858776e-02 4.408468e-03 9.976353e-01 3.542599e+01
9.975599e-01 -5.034014e-03 -6.963382e-02 -2.141327e+00 4.917505e-03 9.999862e-01 -1.844494e-03 -5.393081e-01 6.964214e-02 1.497569e-03 9.975709e-01 3.640524e+01
9.974788e-01 -5.499878e-03 -7.075134e-02 -2.222719e+00 5.480547e-03 9.999849e-01 -4.673406e-04 -5.551864e-01 7.075284e-02 7.840629e-05 9.974939e-01 3.741436e+01
9.974014e-01 -4.790966e-03 -7.188579e-02 -2.299707e+00 4.934675e-03 9.999862e-01 1.821657e-03 -5.573281e-01 7.187607e-02 -2.171656e-03 9.974112e-01 3.840580e+01
9.973806e-01 -5.065257e-03 -7.215488e-02 -2.369624e+00 5.428698e-03 9.999735e-01 4.841731e-03 -5.706058e-01 7.212845e-02 -5.220756e-03 9.973817e-01 3.941190e+01
9.973619e-01 5.934765e-04 -7.258766e-02 -2.455935e+00 -6.768409e-05 9.999737e-01 7.245797e-03 -5.704190e-01 7.259005e-02 -7.221768e-03 9.973357e-01 4.039954e+01
9.973443e-01 1.006943e-03 -7.282442e-02 -2.535772e+00 -5.144135e-04 9.999769e-01 6.781689e-03 -5.845835e-01 7.282956e-02 -6.726216e-03 9.973217e-01 4.140465e+01
9.973432e-01 5.718120e-04 -7.284338e-02 -2.610172e+00 -1.915681e-04 9.999863e-01 5.226899e-03 -5.917055e-01 7.284537e-02 -5.199058e-03 9.973297e-01 4.239373e+01
9.973064e-01 2.940212e-03 -7.328891e-02 -2.686424e+00 -2.726626e-03 9.999917e-01 3.014181e-03 -5.946780e-01 7.329716e-02 -2.806231e-03 9.973062e-01 4.340215e+01
9.972019e-01 3.205706e-03 -7.468603e-02 -2.753454e+00 -2.996943e-03 9.999913e-01 2.907111e-03 -6.075988e-01 7.469470e-02 -2.675147e-03 9.972029e-01 4.441637e+01
9.970984e-01 1.581653e-03 -7.610723e-02 -2.826559e+00 -1.287729e-03 9.999915e-01 3.910890e-03 -6.224742e-01 7.611277e-02 -3.801537e-03 9.970920e-01 4.539710e+01
9.970114e-01 2.360773e-03 -7.721817e-02 -2.904128e+00 -1.976051e-03 9.999853e-01 5.058300e-03 -6.371547e-01 7.722898e-02 -4.890596e-03 9.970014e-01 4.638313e+01
9.969578e-01 5.730270e-03 -7.773226e-02 -2.981174e+00 -5.639533e-03 9.999831e-01 1.386771e-03 -6.465090e-01 7.773889e-02 -9.441789e-04 9.969733e-01 4.735254e+01
9.968683e-01 6.539827e-03 -7.880937e-02 -3.063552e+00 -6.796406e-03 9.999724e-01 -2.987912e-03 -6.606794e-01 7.878766e-02 3.514175e-03 9.968852e-01 4.833362e+01
9.967839e-01 7.727141e-03 -7.976314e-02 -3.138963e+00 -8.068780e-03 9.999596e-01 -3.961746e-03 -6.866353e-01 7.972931e-02 4.592596e-03 9.968060e-01 4.931894e+01
9.967825e-01 5.880847e-03 -7.993758e-02 -3.224939e+00 -5.921285e-03 9.999824e-01 -2.688344e-04 -7.103462e-01 7.993460e-02 7.413027e-04 9.967998e-01 5.031271e+01
9.967807e-01 3.718040e-03 -8.009005e-02 -3.308569e+00 -3.542161e-03 9.999910e-01 2.337982e-03 -7.203703e-01 8.009802e-02 -2.046764e-03 9.967849e-01 5.128594e+01
9.967685e-01 1.727995e-03 -8.030878e-02 -3.392353e+00 -1.503527e-03 9.999948e-01 2.855449e-03 -7.356315e-01 8.031329e-02 -2.725475e-03 9.967659e-01 5.227480e+01
9.967202e-01 -1.329178e-03 -8.091363e-02 -3.464076e+00 1.434033e-03 9.999982e-01 1.237791e-03 -7.476919e-01 8.091184e-02 -1.349764e-03 9.967203e-01 5.324472e+01
9.966569e-01 -4.629037e-03 -8.156976e-02 -3.542906e+00 4.587595e-03 9.999892e-01 -6.954598e-04 -7.506294e-01 8.157210e-02 3.189257e-04 9.966674e-01 5.421007e+01
9.965877e-01 -5.864772e-03 -8.233181e-02 -3.633513e+00 5.923360e-03 9.999823e-01 4.673706e-04 -7.653158e-01 8.232762e-02 -9.534567e-04 9.966049e-01 5.516136e+01
9.964802e-01 -8.893317e-03 -8.335553e-02 -3.723772e+00 9.278867e-03 9.999480e-01 4.239112e-03 -7.801200e-01 8.331349e-02 -4.997636e-03 9.965109e-01 5.611878e+01
9.964049e-01 -1.013198e-02 -8.411124e-02 -3.803664e+00 1.094591e-02 9.998976e-01 9.221373e-03 -7.996189e-01 8.400919e-02 -1.010890e-02 9.964137e-01 5.708753e+01
9.963937e-01 -9.076659e-03 -8.436329e-02 -3.902031e+00 1.007581e-02 9.998840e-01 1.142523e-02 -8.029102e-01 8.424980e-02 -1.223405e-02 9.963696e-01 5.803689e+01
9.962737e-01 -7.521934e-03 -8.591915e-02 -3.985243e+00 8.218004e-03 9.999362e-01 7.750630e-03 -8.186904e-01 8.585537e-02 -8.427832e-03 9.962720e-01 5.897477e+01
9.961526e-01 -4.948512e-03 -8.749609e-02 -4.068347e+00 5.016292e-03 9.999873e-01 5.548044e-04 -8.412147e-01 8.749223e-02 -9.915757e-04 9.961647e-01 5.990392e+01
9.960875e-01 -3.146839e-03 -8.831594e-02 -4.159358e+00 2.753364e-03 9.999857e-01 -4.576783e-03 -8.446473e-01 8.832908e-02 4.315710e-03 9.960820e-01 6.082325e+01
9.959636e-01 1.537138e-03 -8.974522e-02 -4.247135e+00 -1.837814e-03 9.999930e-01 -3.267794e-03 -8.652835e-01 8.973956e-02 3.419539e-03 9.959594e-01 6.173833e+01
9.958274e-01 3.882253e-03 -9.117411e-02 -4.332050e+00 -3.957920e-03 9.999920e-01 -6.491340e-04 -8.892263e-01 9.117085e-02 1.007285e-03 9.958348e-01 6.264770e+01
9.956788e-01 5.997134e-03 -9.266971e-02 -4.420193e+00 -5.899169e-03 9.999817e-01 1.331044e-03 -9.105590e-01 9.267599e-02 -7.786178e-04 9.956960e-01 6.356362e+01
9.955727e-01 7.073981e-03 -9.372778e-02 -4.513681e+00 -7.020347e-03 9.999750e-01 9.019465e-04 -9.221831e-01 9.373181e-02 -2.399518e-04 9.955975e-01 6.445573e+01
9.953996e-01 8.682682e-03 -9.541651e-02 -4.611797e+00 -8.507712e-03 9.999613e-01 2.240424e-03 -9.467587e-01 9.543227e-02 -1.418341e-03 9.954349e-01 6.533263e+01
9.952587e-01 9.323710e-03 -9.681512e-02 -4.698368e+00 -9.049661e-03 9.999537e-01 3.269368e-03 -9.732771e-01 9.684112e-02 -2.377723e-03 9.952970e-01 6.618601e+01
9.950788e-01 9.139207e-03 -9.866420e-02 -4.777493e+00 -8.795251e-03 9.999536e-01 3.920530e-03 -9.977130e-01 9.869546e-02 -3.033460e-03 9.951131e-01 6.701614e+01
9.949230e-01 8.640788e-03 -1.002678e-01 -4.857415e+00 -8.174516e-03 9.999538e-01 5.060193e-03 -1.011894e+00 1.003069e-01 -4.214861e-03 9.949476e-01 6.782236e+01
9.947028e-01 1.140901e-02 -1.021580e-01 -4.925623e+00 -1.064424e-02 9.999111e-01 8.028199e-03 -1.022611e+00 1.022405e-01 -6.898278e-03 9.947358e-01 6.860624e+01
9.945220e-01 1.291342e-02 -1.037265e-01 -5.002949e+00 -1.171346e-02 9.998573e-01 1.216930e-02 -1.026790e+00 1.038688e-01 -1.088764e-02 9.945314e-01 6.940077e+01
9.942579e-01 1.617210e-02 -1.057814e-01 -5.080549e+00 -1.476044e-02 9.997914e-01 1.411445e-02 -1.030209e+00 1.059876e-01 -1.247202e-02 9.942892e-01 7.017197e+01
9.940775e-01 1.942649e-02 -1.069231e-01 -5.171513e+00 -1.843091e-02 9.997772e-01 1.029152e-02 -1.036859e+00 1.070992e-01 -8.259877e-03 9.942140e-01 7.091280e+01
9.939702e-01 2.013886e-02 -1.077849e-01 -5.266544e+00 -1.992227e-02 9.997968e-01 3.085960e-03 -1.046662e+00 1.078251e-01 -9.200327e-04 9.941695e-01 7.163965e+01
9.937810e-01 1.964564e-02 -1.096058e-01 -5.340418e+00 -2.009456e-02 9.997936e-01 -2.992541e-03 -1.051114e+00 1.095244e-01 5.176410e-03 9.939706e-01 7.235271e+01
9.936625e-01 2.036202e-02 -1.105448e-01 -5.409234e+00 -2.091897e-02 9.997736e-01 -3.880598e-03 -1.066426e+00 1.104407e-01 6.168488e-03 9.938636e-01 7.305244e+01
9.934901e-01 2.276396e-02 -1.116205e-01 -5.492600e+00 -2.290226e-02 9.997377e-01 4.314185e-05 -1.086008e+00 1.115922e-01 2.513502e-03 9.937509e-01 7.373668e+01
9.933442e-01 2.286831e-02 -1.128911e-01 -5.580606e+00 -2.270801e-02 9.997385e-01 2.705779e-03 -1.113734e+00 1.129234e-01 -1.242376e-04 9.936037e-01 7.440576e+01
9.933089e-01 2.034085e-02 -1.136823e-01 -5.664089e+00 -2.055933e-02 9.997884e-01 -7.496223e-04 -1.127983e+00 1.136430e-01 3.081839e-03 9.935169e-01 7.505342e+01
9.934658e-01 1.296081e-02 -1.133920e-01 -5.729961e+00 -1.380081e-02 9.998828e-01 -6.626001e-03 -1.148573e+00 1.132928e-01 8.147606e-03 9.935282e-01 7.567538e+01
9.936338e-01 9.296396e-03 -1.122738e-01 -5.800910e+00 -1.072747e-02 9.998687e-01 -1.214889e-02 -1.154686e+00 1.121461e-01 1.327596e-02 9.936030e-01 7.627979e+01
9.939248e-01 1.180201e-02 -1.094271e-01 -5.867798e+00 -1.319849e-02 9.998403e-01 -1.204615e-02 -1.170764e+00 1.092675e-01 1.341724e-02 9.939218e-01 7.687674e+01
9.943148e-01 1.674302e-02 -1.051561e-01 -5.947787e+00 -1.772476e-02 9.998075e-01 -8.408392e-03 -1.186904e+00 1.049951e-01 1.022446e-02 9.944202e-01 7.745528e+01
9.948262e-01 1.493362e-02 -1.004877e-01 -6.008164e+00 -1.557014e-02 9.998634e-01 -5.553028e-03 -1.197658e+00 1.003911e-01 7.088906e-03 9.949228e-01 7.802371e+01
9.953767e-01 1.081838e-02 -9.543641e-02 -6.039631e+00 -1.103582e-02 9.999376e-01 -1.750854e-03 -1.211096e+00 9.541151e-02 2.795979e-03 9.954340e-01 7.857794e+01
9.961316e-01 6.067020e-03 -8.766441e-02 -6.073471e+00 -5.958816e-03 9.999811e-01 1.495940e-03 -1.231958e+00 8.767183e-02 -9.677775e-04 9.961489e-01 7.911372e+01
9.969869e-01 9.989773e-03 -7.692380e-02 -6.114962e+00 -9.872888e-03 9.999495e-01 1.899644e-03 -1.246537e+00 7.693889e-02 -1.134460e-03 9.970352e-01 7.963658e+01
9.979807e-01 1.523560e-02 -6.166357e-02 -6.155114e+00 -1.518052e-02 9.998838e-01 1.361628e-03 -1.248213e+00 6.167715e-02 -4.227933e-04 9.980961e-01 8.014996e+01
9.988241e-01 1.998858e-02 -4.416979e-02 -6.165884e+00 -1.990527e-02 9.997992e-01 2.325301e-03 -1.255440e+00 4.420740e-02 -1.443355e-03 9.990213e-01 8.064799e+01
9.995734e-01 1.842970e-02 -2.265891e-02 -6.150969e+00 -1.835667e-02 9.998256e-01 3.426806e-03 -1.266761e+00 2.271811e-02 -3.009402e-03 9.997374e-01 8.114221e+01
9.998868e-01 1.465240e-02 3.408848e-03 -6.124711e+00 -1.466837e-02 9.998813e-01 4.706753e-03 -1.276477e+00 -3.339478e-03 -4.756223e-03 9.999831e-01 8.161884e+01
9.993757e-01 1.343254e-02 3.267643e-02 -6.084373e+00 -1.363685e-02 9.998888e-01 6.037532e-03 -1.276840e+00 -3.259170e-02 -6.479366e-03 9.994477e-01 8.208711e+01
9.977399e-01 1.279609e-02 6.596445e-02 -6.031850e+00 -1.332561e-02 9.998824e-01 7.593662e-03 -1.283623e+00 -6.585952e-02 -8.455516e-03 9.977931e-01 8.255391e+01
9.945697e-01 1.237552e-02 1.033339e-01 -5.961207e+00 -1.331977e-02 9.998756e-01 8.452744e-03 -1.290773e+00 -1.032165e-01 -9.783228e-03 9.946108e-01 8.300575e+01
9.894058e-01 1.256590e-02 1.446314e-01 -5.866343e+00 -1.401068e-02 9.998616e-01 8.975115e-03 -1.298431e+00 -1.444986e-01 -1.090641e-02 9.894449e-01 8.344425e+01
9.817346e-01 1.206431e-02 1.898725e-01 -5.758776e+00 -1.406192e-02 9.998590e-01 9.176987e-03 -1.301024e+00 -1.897351e-01 -1.167934e-02 9.817659e-01 8.386907e+01
9.708804e-01 1.353983e-02 2.391817e-01 -5.630979e+00 -1.572819e-02 9.998501e-01 7.243023e-03 -1.309923e+00 -2.390477e-01 -1.079400e-02 9.709478e-01 8.428368e+01
9.562138e-01 1.301812e-02 2.923795e-01 -5.474964e+00 -1.520758e-02 9.998707e-01 5.216720e-03 -1.321776e+00 -2.922738e-01 -9.434684e-03 9.562881e-01 8.468029e+01
9.370871e-01 1.270521e-02 3.488644e-01 -5.305203e+00 -1.477906e-02 9.998854e-01 3.283552e-03 -1.321303e+00 -3.487827e-01 -8.232863e-03 9.371675e-01 8.506308e+01
9.137472e-01 1.263550e-02 4.060867e-01 -5.094188e+00 -1.482837e-02 9.998875e-01 2.253940e-03 -1.331306e+00 -4.060125e-01 -8.081133e-03 9.138318e-01 8.542716e+01
8.855055e-01 1.225910e-02 4.644672e-01 -4.864377e+00 -1.430713e-02 9.998973e-01 8.853161e-04 -1.332529e+00 -4.644086e-01 -7.429143e-03 8.855899e-01 8.578354e+01
8.526940e-01 9.849128e-03 5.223179e-01 -4.609310e+00 -1.155701e-02 9.999332e-01 1.171726e-05 -1.331373e+00 -5.222829e-01 -6.046422e-03 8.527509e-01 8.611279e+01
8.138096e-01 9.620835e-03 5.810520e-01 -4.337922e+00 -8.531639e-03 9.999530e-01 -4.607597e-03 -1.270964e+00 -5.810690e-01 -1.207618e-03 8.138534e-01 8.650856e+01
7.671955e-01 9.633509e-03 6.413410e-01 -4.067310e+00 -7.606172e-03 9.999535e-01 -5.921406e-03 -1.241848e+00 -6.413682e-01 -3.352734e-04 7.672331e-01 8.697925e+01
7.173385e-01 1.171363e-02 6.966263e-01 -3.772681e+00 -8.266838e-03 9.999314e-01 -8.301018e-03 -1.197484e+00 -6.966757e-01 1.957429e-04 7.173861e-01 8.741357e+01
6.706088e-01 9.767009e-03 7.417469e-01 -3.392592e+00 -6.070693e-03 9.999521e-01 -7.678469e-03 -1.184503e+00 -7.417864e-01 6.463312e-04 6.706359e-01 8.770145e+01
6.226238e-01 5.641390e-03 7.825010e-01 -3.005499e+00 -1.915756e-03 9.999820e-01 -5.684968e-03 -1.189069e+00 -7.825190e-01 2.040516e-03 6.226234e-01 8.795857e+01
5.740250e-01 5.448185e-04 8.188376e-01 -2.609420e+00 2.616303e-03 9.999935e-01 -2.499444e-03 -1.190414e+00 -8.188336e-01 3.577071e-03 5.740198e-01 8.819075e+01
5.256128e-01 3.389601e-03 8.507171e-01 -2.217937e+00 1.995629e-03 9.999844e-01 -5.217334e-03 -1.202161e+00 -8.507216e-01 4.440013e-03 5.255979e-01 8.839778e+01
4.765915e-01 8.113982e-03 8.790874e-01 -1.822461e+00 4.726405e-04 9.999549e-01 -9.485828e-03 -1.218281e+00 -8.791248e-01 4.936357e-03 4.765661e-01 8.858989e+01
4.294349e-01 9.496163e-03 9.030479e-01 -1.370142e+00 2.045546e-03 9.999319e-01 -1.148770e-02 -1.227877e+00 -9.030955e-01 6.780446e-03 4.293863e-01 8.877683e+01
3.859117e-01 3.532517e-03 9.225290e-01 -8.911837e-01 5.103958e-03 9.999692e-01 -5.964133e-03 -1.238884e+00 -9.225216e-01 7.010177e-03 3.858818e-01 8.892050e+01
3.453851e-01 -8.328165e-03 9.384241e-01 -4.163303e-01 7.126406e-03 9.999551e-01 6.251370e-03 -1.253858e+00 -9.384340e-01 4.528460e-03 3.454290e-01 8.902599e+01
3.100105e-01 -1.013612e-02 9.506791e-01 9.246887e-02 4.691926e-03 9.999473e-01 9.131413e-03 -1.277907e+00 -9.507216e-01 1.629682e-03 3.100417e-01 8.909754e+01
2.773077e-01 -7.194380e-03 9.607542e-01 5.564008e-01 6.667792e-03 9.999623e-01 5.563420e-03 -1.310777e+00 -9.607580e-01 4.863330e-03 2.773452e-01 8.916056e+01
2.458030e-01 5.317404e-03 9.693052e-01 9.743618e-01 8.109652e-03 9.999387e-01 -7.541953e-03 -1.318440e+00 -9.692859e-01 9.714563e-03 2.457448e-01 8.925192e+01
2.176117e-01 1.151106e-02 9.759675e-01 1.457299e+00 9.686281e-03 9.998557e-01 -1.395256e-02 -1.338127e+00 -9.759874e-01 1.248974e-02 2.174688e-01 8.932030e+01
1.922135e-01 1.129979e-02 9.812881e-01 1.992898e+00 1.206733e-02 9.998309e-01 -1.387705e-02 -1.346906e+00 -9.812789e-01 1.450888e-02 1.920446e-01 8.935496e+01
1.680922e-01 4.301361e-03 9.857619e-01 2.508792e+00 1.657832e-02 9.998367e-01 -7.189713e-03 -1.347868e+00 -9.856319e-01 1.755081e-02 1.679934e-01 8.941086e+01
1.475625e-01 -1.310037e-03 9.890519e-01 3.052316e+00 2.533460e-02 9.996760e-01 -2.455709e-03 -1.342550e+00 -9.887282e-01 2.541960e-02 1.475479e-01 8.945738e+01
1.272172e-01 -1.324195e-03 9.918740e-01 3.655568e+00 3.223798e-02 9.994763e-01 -2.800481e-03 -1.343632e+00 -9.913508e-01 3.233229e-02 1.271933e-01 8.952976e+01
1.093905e-01 3.063959e-03 9.939941e-01 4.239147e+00 3.254696e-02 9.994480e-01 -6.662611e-03 -1.344254e+00 -9.934659e-01 3.308032e-02 1.092304e-01 8.960121e+01
9.383837e-02 6.993458e-03 9.955629e-01 4.729731e+00 2.731111e-02 9.995809e-01 -9.595936e-03 -1.357064e+00 -9.952128e-01 2.809040e-02 9.360804e-02 8.965749e+01
7.942465e-02 7.630647e-03 9.968117e-01 5.236415e+00 2.417130e-02 9.996619e-01 -9.578404e-03 -1.367332e+00 -9.965478e-01 2.485500e-02 7.921336e-02 8.969508e+01
6.589724e-02 6.333831e-03 9.978063e-01 5.749150e+00 2.218910e-02 9.997233e-01 -7.811414e-03 -1.373741e+00 -9.975797e-01 2.265518e-02 6.573846e-02 8.972713e+01
5.344252e-02 2.271373e-03 9.985683e-01 6.318110e+00 2.231412e-02 9.997450e-01 -3.468282e-03 -1.369477e+00 -9.983216e-01 2.246753e-02 5.337821e-02 8.978022e+01
4.286354e-02 -5.443576e-04 9.990808e-01 6.858281e+00 2.356751e-02 9.997221e-01 -4.664093e-04 -1.372771e+00 -9.988029e-01 2.356584e-02 4.286446e-02 8.980353e+01
3.470609e-02 -2.193663e-03 9.993952e-01 7.456085e+00 2.483978e-02 9.996906e-01 1.331698e-03 -1.364627e+00 -9.990888e-01 2.477854e-02 3.474984e-02 8.983523e+01
2.865624e-02 -3.776439e-03 9.995822e-01 8.069348e+00 2.561616e-02 9.996672e-01 3.042391e-03 -1.369138e+00 -9.992610e-01 2.551828e-02 2.874344e-02 8.986830e+01
2.328190e-02 -4.646194e-03 9.997181e-01 8.684887e+00 2.701290e-02 9.996270e-01 4.016682e-03 -1.363942e+00 -9.993639e-01 2.691177e-02 2.339872e-02 8.986673e+01
1.884213e-02 -7.763812e-03 9.997923e-01 9.409525e+00 2.840486e-02 9.995704e-01 7.226769e-03 -1.337158e+00 -9.994189e-01 2.826280e-02 1.905457e-02 8.980137e+01
1.448716e-02 -1.045458e-02 9.998404e-01 1.007157e+01 2.845720e-02 9.995446e-01 1.003915e-02 -1.351707e+00 -9.994900e-01 2.830722e-02 1.477807e-02 8.980656e+01
1.105388e-02 -1.181198e-02 9.998691e-01 1.072141e+01 2.834421e-02 9.995321e-01 1.149464e-02 -1.354811e+00 -9.995371e-01 2.821344e-02 1.138351e-02 8.982681e+01
7.941629e-03 -1.276577e-02 9.998870e-01 1.136450e+01 2.797571e-02 9.995300e-01 1.253902e-02 -1.354327e+00 -9.995771e-01 2.787297e-02 8.295028e-03 8.983018e+01
5.755514e-03 -1.456872e-02 9.998773e-01 1.200088e+01 2.724031e-02 9.995251e-01 1.440679e-02 -1.353410e+00 -9.996123e-01 2.715404e-02 6.149637e-03 8.982030e+01
4.817685e-03 -1.881047e-02 9.998115e-01 1.266300e+01 2.697360e-02 9.994617e-01 1.867392e-02 -1.346026e+00 -9.996245e-01 2.687855e-02 5.322478e-03 8.981972e+01
5.476667e-03 -2.253728e-02 9.997310e-01 1.335232e+01 2.685563e-02 9.993887e-01 2.238245e-02 -1.337264e+00 -9.996243e-01 2.672582e-02 6.078572e-03 8.982780e+01
7.733275e-03 -2.452847e-02 9.996692e-01 1.406597e+01 2.720145e-02 9.993343e-01 2.430982e-02 -1.315572e+00 -9.996001e-01 2.700446e-02 8.395337e-03 8.984009e+01
1.102599e-02 -2.713622e-02 9.995709e-01 1.478605e+01 2.755655e-02 9.992603e-01 2.682382e-02 -1.294311e+00 -9.995594e-01 2.724897e-02 1.176561e-02 8.986456e+01
1.525369e-02 -2.760901e-02 9.995024e-01 1.552516e+01 2.726410e-02 9.992585e-01 2.718618e-02 -1.276354e+00 -9.995119e-01 2.683584e-02 1.599511e-02 8.988151e+01
1.873698e-02 -2.933179e-02 9.993941e-01 1.630038e+01 2.600319e-02 9.992458e-01 2.883991e-02 -1.258325e+00 -9.994862e-01 2.544706e-02 1.948556e-02 8.991940e+01
2.277778e-02 -2.958785e-02 9.993026e-01 1.707107e+01 2.498435e-02 9.992666e-01 2.901730e-02 -1.226854e+00 -9.994283e-01 2.430598e-02 2.350031e-02 8.994323e+01
2.701535e-02 -2.697549e-02 9.992710e-01 1.785377e+01 2.265592e-02 9.993956e-01 2.636635e-02 -1.210037e+00 -9.993782e-01 2.192710e-02 2.761017e-02 8.997308e+01
3.113039e-02 -2.660455e-02 9.991612e-01 1.867177e+01 2.168561e-02 9.994284e-01 2.593601e-02 -1.191576e+00 -9.992801e-01 2.086002e-02 3.168953e-02 9.001023e+01
3.531276e-02 -2.458326e-02 9.990739e-01 1.948849e+01 2.257998e-02 9.994618e-01 2.379470e-02 -1.173912e+00 -9.991212e-01 2.171881e-02 3.584885e-02 9.004956e+01
3.841255e-02 -2.226048e-02 9.990140e-01 2.029530e+01 2.642039e-02 9.994250e-01 2.125376e-02 -1.170830e+00 -9.989126e-01 2.557793e-02 3.897859e-02 9.008843e+01
3.995535e-02 -1.592955e-02 9.990745e-01 2.110549e+01 3.103647e-02 9.994102e-01 1.469368e-02 -1.166428e+00 -9.987193e-01 3.042066e-02 4.042619e-02 9.013597e+01
4.014009e-02 -1.304708e-02 9.991089e-01 2.192777e+01 3.378179e-02 9.993608e-01 1.169315e-02 -1.170232e+00 -9.986228e-01 3.328233e-02 4.055519e-02 9.017645e+01
4.031829e-02 -1.077602e-02 9.991288e-01 2.276882e+01 3.320996e-02 9.994038e-01 9.438854e-03 -1.168038e+00 -9.986348e-01 3.280047e-02 4.065213e-02 9.023209e+01
4.063170e-02 -7.496128e-03 9.991461e-01 2.360542e+01 3.102109e-02 9.994993e-01 6.237261e-03 -1.172378e+00 -9.986925e-01 3.074117e-02 4.084389e-02 9.027168e+01
4.012919e-02 -8.069804e-03 9.991619e-01 2.444761e+01 2.984543e-02 9.995309e-01 6.874107e-03 -1.179349e+00 -9.987487e-01 2.954457e-02 4.035121e-02 9.032109e+01
4.052478e-02 -5.583592e-03 9.991629e-01 2.528001e+01 2.878564e-02 9.995758e-01 4.418390e-03 -1.188627e+00 -9.987638e-01 2.858249e-02 4.066832e-02 9.036828e+01
4.039907e-02 -4.506102e-03 9.991735e-01 2.612299e+01 2.894984e-02 9.995753e-01 3.337400e-03 -1.199971e+00 -9.987641e-01 2.879109e-02 4.051237e-02 9.042952e+01
4.050324e-02 -2.334609e-03 9.991767e-01 2.697198e+01 2.929322e-02 9.995702e-01 1.148080e-03 -1.211664e+00 -9.987499e-01 2.922260e-02 4.055422e-02 9.048133e+01
3.925537e-02 4.878011e-04 9.992291e-01 2.783745e+01 3.018300e-02 9.995430e-01 -1.673713e-03 -1.226652e+00 -9.987732e-01 3.022543e-02 3.922271e-02 9.053798e+01
3.341684e-02 6.925873e-03 9.994175e-01 2.895078e+01 2.818694e-02 9.995717e-01 -7.869409e-03 -1.297026e+00 -9.990439e-01 2.843350e-02 3.320731e-02 9.073888e+01
2.934390e-02 9.898794e-03 9.995204e-01 2.977575e+01 2.655193e-02 9.995904e-01 -1.067900e-02 -1.319619e+00 -9.992167e-01 2.685256e-02 2.906904e-02 9.078116e+01
2.431032e-02 1.254069e-02 9.996258e-01 3.059823e+01 2.380754e-02 9.996305e-01 -1.311973e-02 -1.347653e+00 -9.994209e-01 2.411757e-02 2.400277e-02 9.081598e+01
1.793494e-02 1.491170e-02 9.997280e-01 3.144214e+01 2.146139e-02 9.996527e-01 -1.529559e-02 -1.378367e+00 -9.996088e-01 2.172988e-02 1.760869e-02 9.083521e+01
1.048082e-02 1.544035e-02 9.998259e-01 3.229620e+01 2.164092e-02 9.996431e-01 -1.566438e-02 -1.404593e+00 -9.997109e-01 2.180133e-02 1.014293e-02 9.085345e+01
1.739158e-03 1.523316e-02 9.998825e-01 3.321184e+01 2.267348e-02 9.996263e-01 -1.526869e-02 -1.436706e+00 -9.997414e-01 2.269737e-02 1.393119e-03 9.085297e+01
-7.719744e-03 1.508497e-02 9.998564e-01 3.407154e+01 2.296904e-02 9.996251e-01 -1.490414e-02 -1.468338e+00 -9.997064e-01 2.285068e-02 -8.063337e-03 9.080996e+01
-1.772789e-02 1.472021e-02 9.997345e-01 3.491068e+01 2.179889e-02 9.996596e-01 -1.433256e-02 -1.495676e+00 -9.996052e-01 2.153902e-02 -1.804274e-02 9.076452e+01
-2.814543e-02 1.567860e-02 9.994809e-01 3.572244e+01 2.093216e-02 9.996670e-01 -1.509207e-02 -1.524953e+00 -9.993847e-01 2.049652e-02 -2.846424e-02 9.073067e+01
-3.901524e-02 1.440460e-02 9.991348e-01 3.651225e+01 2.000072e-02 9.997070e-01 -1.363185e-02 -1.551703e+00 -9.990384e-01 1.945157e-02 -3.929191e-02 9.068981e+01
-5.053051e-02 1.474717e-02 9.986136e-01 3.731084e+01 2.080476e-02 9.996895e-01 -1.371032e-02 -1.570824e+00 -9.985058e-01 2.008313e-02 -5.082163e-02 9.066782e+01
-6.126266e-02 1.540302e-02 9.980028e-01 3.809787e+01 2.106270e-02 9.996782e-01 -1.413594e-02 -1.605662e+00 -9.978994e-01 2.015463e-02 -6.156738e-02 9.060879e+01
-7.216763e-02 1.624017e-02 9.972603e-01 3.888006e+01 2.196534e-02 9.996508e-01 -1.468955e-02 -1.637468e+00 -9.971506e-01 2.084506e-02 -7.249915e-02 9.055971e+01
-8.225789e-02 1.541389e-02 9.964919e-01 3.965520e+01 2.278519e-02 9.996481e-01 -1.358185e-02 -1.662702e+00 -9.963506e-01 2.158804e-02 -8.258015e-02 9.049303e+01
-9.157957e-02 1.456415e-02 9.956913e-01 4.043230e+01 2.350046e-02 9.996462e-01 -1.246052e-02 -1.679944e+00 -9.955204e-01 2.225807e-02 -9.188943e-02 9.042030e+01
-1.006107e-01 1.417140e-02 9.948249e-01 4.119121e+01 2.376503e-02 9.996475e-01 -1.183664e-02 -1.705474e+00 -9.946420e-01 2.245115e-02 -1.009120e-01 9.032174e+01
-1.099392e-01 1.342284e-02 9.938477e-01 4.192779e+01 2.390079e-02 9.996554e-01 -1.085738e-02 -1.728059e+00 -9.936509e-01 2.256009e-02 -1.102221e-01 9.023840e+01
-1.181573e-01 1.270640e-02 9.929136e-01 4.267496e+01 2.339089e-02 9.996763e-01 -1.000941e-02 -1.745234e+00 -9.927194e-01 2.204245e-02 -1.184163e-01 9.013713e+01
-1.250221e-01 1.094553e-02 9.920936e-01 4.341834e+01 2.171820e-02 9.997297e-01 -8.292879e-03 -1.772448e+00 -9.919162e-01 2.050969e-02 -1.252261e-01 9.002744e+01
-1.301723e-01 8.075339e-03 9.914585e-01 4.414339e+01 1.958602e-02 9.997927e-01 -5.571698e-03 -1.786252e+00 -9.912979e-01 1.869344e-02 -1.303034e-01 8.992965e+01
-1.343608e-01 5.320701e-03 9.909182e-01 4.487902e+01 1.746724e-02 9.998429e-01 -3.000202e-03 -1.797793e+00 -9.907785e-01 1.690549e-02 -1.344326e-01 8.983324e+01
-1.370816e-01 3.854536e-03 9.905523e-01 4.559411e+01 1.571557e-02 9.998750e-01 -1.715951e-03 -1.821246e+00 -9.904351e-01 1.533187e-02 -1.371250e-01 8.973040e+01
-1.392368e-01 4.103527e-03 9.902506e-01 4.629832e+01 1.468906e-02 9.998900e-01 -2.078078e-03 -1.842355e+00 -9.901502e-01 1.425651e-02 -1.392817e-01 8.964968e+01
-1.402880e-01 3.649833e-03 9.901040e-01 4.699751e+01 1.499300e-02 9.998864e-01 -1.561533e-03 -1.859777e+00 -9.899972e-01 1.462556e-02 -1.403268e-01 8.956943e+01
-1.392306e-01 2.638929e-03 9.902565e-01 4.765832e+01 1.561353e-02 9.998780e-01 -4.692982e-04 -1.875219e+00 -9.901369e-01 1.539606e-02 -1.392548e-01 8.948215e+01
-1.367507e-01 1.147795e-03 9.906048e-01 4.832030e+01 1.673880e-02 9.998592e-01 1.152235e-03 -1.891473e+00 -9.904641e-01 1.673911e-02 -1.367506e-01 8.941451e+01
-1.315100e-01 1.040362e-03 9.913143e-01 4.895678e+01 1.735943e-02 9.998485e-01 1.253623e-03 -1.901492e+00 -9.911628e-01 1.737352e-02 -1.315082e-01 8.934241e+01
-1.232865e-01 1.864239e-03 9.923694e-01 4.956701e+01 1.801327e-02 9.998377e-01 3.595998e-04 -1.920019e+00 -9.922076e-01 1.792015e-02 -1.233000e-01 8.927328e+01
-1.118204e-01 2.434518e-03 9.937254e-01 5.016335e+01 1.777539e-02 9.998419e-01 -4.493003e-04 -1.940566e+00 -9.935694e-01 1.761362e-02 -1.118460e-01 8.921611e+01
-9.815838e-02 2.409225e-03 9.951679e-01 5.076010e+01 1.807592e-02 9.998364e-01 -6.376088e-04 -1.962414e+00 -9.950066e-01 1.792599e-02 -9.818587e-02 8.918040e+01
-8.082336e-02 2.413871e-03 9.967255e-01 5.129989e+01 1.943883e-02 9.998107e-01 -8.450690e-04 -1.975509e+00 -9.965389e-01 1.930688e-02 -8.085499e-02 8.914861e+01
-5.933004e-02 2.882662e-03 9.982343e-01 5.184306e+01 2.219849e-02 9.997524e-01 -1.567680e-03 -1.986618e+00 -9.979916e-01 2.206628e-02 -5.937934e-02 8.913590e+01
-3.428916e-02 4.012347e-03 9.994039e-01 5.236225e+01 2.513399e-02 9.996791e-01 -3.151115e-03 -1.998470e+00 -9.990959e-01 2.501096e-02 -3.437900e-02 8.913190e+01
-5.709647e-03 4.555151e-03 9.999733e-01 5.287740e+01 2.700327e-02 9.996257e-01 -4.399384e-03 -2.005158e+00 -9.996190e-01 2.697743e-02 -5.830513e-03 8.914426e+01
2.785809e-02 4.688506e-03 9.996009e-01 5.339783e+01 2.626588e-02 9.996403e-01 -5.420700e-03 -2.015382e+00 -9.992667e-01 2.640641e-02 2.772492e-02 8.917545e+01
6.643172e-02 3.479367e-03 9.977849e-01 5.391248e+01 2.386730e-02 9.997023e-01 -5.075119e-03 -2.025203e+00 -9.975055e-01 2.415158e-02 6.632890e-02 8.922498e+01
1.095134e-01 4.083586e-03 9.939769e-01 5.440577e+01 1.972446e-02 9.997857e-01 -6.280632e-03 -2.035417e+00 -9.937896e-01 2.029347e-02 1.094093e-01 8.928730e+01
1.551216e-01 4.852427e-03 9.878835e-01 5.491980e+01 1.469248e-02 9.998660e-01 -7.218360e-03 -2.051652e+00 -9.877861e-01 1.563418e-02 1.550295e-01 8.939593e+01
2.041749e-01 7.201210e-03 9.789079e-01 5.542566e+01 1.090132e-02 9.998942e-01 -9.629327e-03 -2.057154e+00 -9.788737e-01 1.263746e-02 2.040748e-01 8.952897e+01
2.564964e-01 9.056674e-03 9.665028e-01 5.592284e+01 9.148139e-03 9.998886e-01 -1.179731e-02 -2.055149e+00 -9.665019e-01 1.186767e-02 2.563849e-01 8.968976e+01
3.121807e-01 7.847700e-03 9.499903e-01 5.639917e+01 9.153719e-03 9.998946e-01 -1.126800e-02 -2.069434e+00 -9.499786e-01 1.221360e-02 3.120760e-01 8.987429e+01
3.750682e-01 3.732440e-03 9.269897e-01 5.691547e+01 1.338207e-02 9.998659e-01 -9.440374e-03 -2.063940e+00 -9.269006e-01 1.594583e-02 3.749680e-01 9.005281e+01
4.410411e-01 -2.663801e-04 8.974869e-01 5.740728e+01 1.946300e-02 9.997676e-01 -9.267729e-03 -2.064092e+00 -8.972758e-01 2.155524e-02 4.409438e-01 9.023250e+01
5.023086e-01 -6.571951e-03 8.646635e-01 5.781131e+01 2.608193e-02 9.996313e-01 -7.553977e-03 -2.069304e+00 -8.642950e-01 2.634652e-02 5.022948e-01 9.048326e+01
5.617578e-01 -4.672111e-03 8.272886e-01 5.819563e+01 2.691869e-02 9.995578e-01 -1.263372e-02 -2.081495e+00 -8.268637e-01 2.936661e-02 5.616351e-01 9.077100e+01
6.186104e-01 -5.700922e-03 7.856772e-01 5.858327e+01 2.831845e-02 9.994857e-01 -1.504447e-02 -2.076855e+00 -7.851874e-01 3.155583e-02 6.184537e-01 9.114531e+01
6.728330e-01 -9.234746e-03 7.397368e-01 5.896500e+01 3.042409e-02 9.994216e-01 -1.519585e-02 -2.092587e+00 -7.391685e-01 3.273009e-02 6.727248e-01 9.151551e+01
7.221310e-01 -1.427739e-02 6.916089e-01 5.929651e+01 3.225035e-02 9.993947e-01 -1.304239e-02 -2.084873e+00 -6.910041e-01 3.172295e-02 7.221544e-01 9.198711e+01
7.679886e-01 -1.778239e-02 6.402166e-01 5.961811e+01 2.982660e-02 9.995229e-01 -8.016950e-03 -2.099692e+00 -6.397686e-01 2.525241e-02 7.681526e-01 9.241431e+01
8.094665e-01 -1.882847e-02 5.868641e-01 5.986935e+01 2.577618e-02 9.996617e-01 -3.480975e-03 -2.115232e+00 -5.866000e-01 1.794485e-02 8.096779e-01 9.282799e+01
8.461471e-01 -1.806309e-02 5.326433e-01 6.007455e+01 2.093942e-02 9.997805e-01 6.407635e-04 -2.138405e+00 -5.325379e-01 1.061106e-02 8.463396e-01 9.323894e+01
8.771638e-01 -1.450327e-02 4.799721e-01 6.022352e+01 1.378621e-02 9.998924e-01 5.018925e-03 -2.178669e+00 -4.799933e-01 2.214575e-03 8.772694e-01 9.364269e+01
9.030148e-01 -1.017856e-02 4.294889e-01 6.038580e+01 7.674674e-03 9.999420e-01 7.561607e-03 -2.198891e+00 -4.295409e-01 -3.532056e-03 9.030405e-01 9.408490e+01
9.232659e-01 -6.137599e-03 3.841124e-01 6.051775e+01 3.202497e-03 9.999606e-01 8.280390e-03 -2.205455e+00 -3.841481e-01 -6.414884e-03 9.232492e-01 9.451781e+01
9.385154e-01 1.612876e-03 3.452335e-01 6.062069e+01 -4.393399e-03 9.999639e-01 7.271760e-03 -2.212286e+00 -3.452093e-01 -8.341408e-03 9.384887e-01 9.499321e+01
9.504836e-01 5.805678e-03 3.107206e-01 6.072694e+01 -7.259680e-03 9.999674e-01 3.523156e-03 -2.200001e+00 -3.106900e-01 -5.604434e-03 9.504948e-01 9.551303e+01
9.601220e-01 7.215003e-03 2.794882e-01 6.084479e+01 -8.289110e-03 9.999621e-01 2.661390e-03 -2.203413e+00 -2.794584e-01 -4.871968e-03 9.601454e-01 9.597916e+01
9.660523e-01 1.714687e-03 2.583408e-01 6.094145e+01 -2.725559e-03 9.999900e-01 3.554850e-03 -2.209353e+00 -2.583321e-01 -4.138294e-03 9.660473e-01 9.655336e+01
9.700249e-01 -5.225462e-04 2.430048e-01 6.105234e+01 -6.087162e-04 9.999893e-01 4.580199e-03 -2.221431e+00 -2.430046e-01 -4.590828e-03 9.700143e-01 9.707041e+01
9.730422e-01 3.618221e-03 2.305986e-01 6.115551e+01 -4.430381e-03 9.999857e-01 3.004264e-03 -2.228098e+00 -2.305844e-01 -3.944915e-03 9.730443e-01 9.759885e+01
9.749024e-01 8.501472e-03 2.224701e-01 6.122453e+01 -9.174887e-03 9.999559e-01 1.993630e-03 -2.223632e+00 -2.224434e-01 -3.984733e-03 9.749375e-01 9.818542e+01
9.761036e-01 1.449497e-02 2.168217e-01 6.130348e+01 -1.432643e-02 9.998946e-01 -2.349218e-03 -2.208955e+00 -2.168329e-01 -8.132003e-04 9.762084e-01 9.888913e+01
9.765572e-01 1.977258e-02 2.143481e-01 6.141834e+01 -1.861358e-02 9.997992e-01 -7.424309e-03 -2.207758e+00 -2.144519e-01 3.260477e-03 9.767291e-01 9.947549e+01
9.766918e-01 2.067341e-02 2.136488e-01 6.153379e+01 -1.896440e-02 9.997697e-01 -1.004582e-02 -2.225329e+00 -2.138073e-01 5.759950e-03 9.768589e-01 1.000262e+02
9.760951e-01 1.779724e-02 2.166141e-01 6.166108e+01 -1.540138e-02 9.998002e-01 -1.274373e-02 -2.242638e+00 -2.167976e-01 9.102939e-03 9.761741e-01 1.005961e+02
9.736887e-01 1.576131e-02 2.273364e-01 6.172760e+01 -1.174092e-02 9.997500e-01 -1.902630e-02 -2.236189e+00 -2.275794e-01 1.585655e-02 9.736304e-01 1.014955e+02
9.726590e-01 1.468186e-02 2.317734e-01 6.188126e+01 -9.595593e-03 9.996881e-01 -2.305719e-02 -2.250643e+00 -2.320397e-01 2.020278e-02 9.724965e-01 1.020934e+02
9.711503e-01 2.015196e-02 2.376151e-01 6.198204e+01 -1.497670e-02 9.996101e-01 -2.356533e-02 -2.273485e+00 -2.379973e-01 1.932679e-02 9.710735e-01 1.028081e+02
9.698068e-01 2.451103e-02 2.426398e-01 6.215070e+01 -2.010341e-02 9.995851e-01 -2.062497e-02 -2.287328e+00 -2.430447e-01 1.512434e-02 9.698972e-01 1.034364e+02
9.683396e-01 2.400979e-02 2.484793e-01 6.232715e+01 -2.090206e-02 9.996669e-01 -1.513809e-02 -2.312794e+00 -2.487600e-01 9.465079e-03 9.685189e-01 1.042024e+02
9.676086e-01 2.080620e-02 2.515965e-01 6.254133e+01 -1.917777e-02 9.997763e-01 -8.922912e-03 -2.331475e+00 -2.517258e-01 3.808827e-03 9.677911e-01 1.048627e+02
9.668239e-01 1.973839e-02 2.546799e-01 6.276148e+01 -1.924227e-02 9.998050e-01 -4.439511e-03 -2.343619e+00 -2.547179e-01 -6.083932e-04 9.670152e-01 1.055875e+02
9.662039e-01 1.485623e-02 2.573506e-01 6.299088e+01 -1.457911e-02 9.998893e-01 -2.985017e-03 -2.348276e+00 -2.573665e-01 -8.678077e-04 9.663135e-01 1.063798e+02
9.663035e-01 1.046203e-02 2.571925e-01 6.325050e+01 -9.270517e-03 9.999399e-01 -5.844919e-03 -2.343563e+00 -2.572382e-01 3.263658e-03 9.663425e-01 1.071540e+02
9.664331e-01 7.082847e-03 2.568209e-01 6.343008e+01 -4.078433e-03 9.999169e-01 -1.222924e-02 -2.346213e+00 -2.568862e-01 1.077132e-02 9.663816e-01 1.078482e+02
9.666711e-01 7.285446e-03 2.559179e-01 6.362225e+01 -2.520758e-03 9.998174e-01 -1.894112e-02 -2.353764e+00 -2.560092e-01 1.766473e-02 9.665129e-01 1.085454e+02
9.672774e-01 9.066515e-03 2.535592e-01 6.378696e+01 -3.261437e-03 9.997231e-01 -2.330537e-02 -2.361920e+00 -2.537003e-01 2.171579e-02 9.670391e-01 1.092394e+02
9.679157e-01 8.553530e-03 2.511294e-01 6.395998e+01 -3.803818e-03 9.998047e-01 -1.939273e-02 -2.371662e+00 -2.512462e-01 1.781528e-02 9.677592e-01 1.099372e+02
9.683261e-01 6.360486e-03 2.496078e-01 6.413912e+01 -3.626326e-03 9.999283e-01 -1.141216e-02 -2.391028e+00 -2.496625e-01 1.014553e-02 9.682798e-01 1.106456e+02
9.689555e-01 7.631735e-03 2.471173e-01 6.431238e+01 -6.363847e-03 9.999622e-01 -5.929012e-03 -2.414728e+00 -2.471532e-01 4.172332e-03 9.689674e-01 1.113723e+02
9.692555e-01 1.084096e-02 2.458173e-01 6.447123e+01 -9.336319e-03 9.999299e-01 -7.285561e-03 -2.439440e+00 -2.458791e-01 4.766541e-03 9.692888e-01 1.121053e+02
9.696671e-01 1.497401e-02 2.439703e-01 6.464892e+01 -1.216595e-02 9.998413e-01 -1.301267e-02 -2.454724e+00 -2.441265e-01 9.649832e-03 9.696954e-01 1.128617e+02
9.705223e-01 1.502799e-02 2.405425e-01 6.481544e+01 -1.099310e-02 9.997756e-01 -1.810730e-02 -2.474817e+00 -2.407606e-01 1.492923e-02 9.704697e-01 1.136143e+02
9.714425e-01 1.287474e-02 2.369255e-01 6.498701e+01 -8.280666e-03 9.997581e-01 -2.037535e-02 -2.501688e+00 -2.371305e-01 1.783158e-02 9.713141e-01 1.143574e+02
9.723410e-01 1.080171e-02 2.333159e-01 6.516741e+01 -6.670684e-03 9.998068e-01 -1.848757e-02 -2.522312e+00 -2.334706e-01 1.641984e-02 9.722252e-01 1.151355e+02
9.731402e-01 6.713581e-03 2.301152e-01 6.534415e+01 -3.247650e-03 9.998756e-01 -1.543717e-02 -2.556261e+00 -2.301902e-01 1.427519e-02 9.730410e-01 1.159163e+02
9.735572e-01 6.567063e-03 2.283490e-01 6.552861e+01 -3.737058e-03 9.999108e-01 -1.282352e-02 -2.573813e+00 -2.284128e-01 1.163108e-02 9.734949e-01 1.167076e+02
9.739019e-01 3.961374e-03 2.269349e-01 6.572109e+01 -1.754809e-03 9.999492e-01 -9.924255e-03 -2.600711e+00 -2.269627e-01 9.267023e-03 9.738594e-01 1.175144e+02
9.740141e-01 -7.715414e-04 2.264861e-01 6.591831e+01 2.626257e-03 9.999654e-01 -7.887885e-03 -2.621594e+00 -2.264722e-01 8.277721e-03 9.739824e-01 1.183263e+02
