9.999902e-01 -2.937025e-03 -3.312041e-03 -4.699024e-03 2.929301e-03 9.999930e-01 -2.334430e-03 -9.149134e-05 3.318874e-03 2.324705e-03 9.999918e-01 6.894377e-01
9.999725e-01 -1.255803e-03 -7.307838e-03 -1.813950e-02 1.227695e-03 9.999918e-01 -3.849463e-03 -1.059363e-02 7.312613e-03 3.840385e-03 9.999659e-01 1.398717e+00
9.999381e-01 -9.809431e-04 -1.108590e-02 -3.881527e-02 9.197772e-04 9.999843e-01 -5.521206e-03 -1.048560e-02 1.109114e-02 5.510667e-03 9.999233e-01 2.116842e+00
9.998678e-01 1.088704e-04 -1.625945e-02 -5.389140e-02 -2.068034e-04 9.999818e-01 -6.021576e-03 -2.277799e-02 1.625850e-02 6.024143e-03 9.998497e-01 2.855275e+00
9.997822e-01 -9.427820e-04 -2.084888e-02 -6.923617e-02 8.169197e-04 9.999814e-01 -6.044577e-03 -4.080832e-02 2.085419e-02 6.026229e-03 9.997644e-01 3.600525e+00
9.996940e-01 8.906247e-04 -2.472112e-02 -1.109530e-01 -1.067289e-03 9.999740e-01 -7.134017e-03 -5.657036e-02 2.471412e-02 7.158218e-03 9.996689e-01 4.358210e+00
9.995629e-01 4.276072e-03 -2.925394e-02 -1.568881e-01 -4.501414e-03 9.999607e-01 -7.641425e-03 -7.252200e-02 2.922012e-02 7.769768e-03 9.995428e-01 5.144058e+00
9.994355e-01 5.069526e-03 -3.321146e-02 -1.991042e-01 -5.276340e-03 9.999672e-01 -6.142509e-03 -8.652669e-02 3.317923e-02 6.314276e-03 9.994295e-01 5.940303e+00
9.992707e-01 4.363363e-03 -3.793501e-02 -2.257847e-01 -4.505844e-03 9.999831e-01 -3.671245e-03 -9.292761e-02 3.791835e-02 3.839497e-03 9.992735e-01 6.746763e+00
9.991199e-01 3.853043e-03 -4.176760e-02 -2.625382e-01 -3.905275e-03 9.999917e-01 -1.169021e-03 -1.014602e-01 4.176275e-02 1.331107e-03 9.991267e-01 7.570556e+00
9.990005e-01 5.254717e-03 -4.438929e-02 -3.154396e-01 -5.323048e-03 9.999848e-01 -1.421305e-03 -1.202241e-01 4.438115e-02 1.656171e-03 9.990133e-01 8.398898e+00
9.988876e-01 4.884840e-03 -4.690180e-02 -3.539558e-01 -4.985014e-03 9.999855e-01 -2.019091e-03 -1.220388e-01 4.689126e-02 2.250651e-03 9.988975e-01 9.238876e+00
9.988041e-01 1.909753e-03 -4.885410e-02 -3.947880e-01 -2.046341e-03 9.999941e-01 -2.745972e-03 -1.297366e-01 4.884857e-02 2.842660e-03 9.988022e-01 1.008243e+01
9.987073e-01 2.726603e-03 -5.075631e-02 -4.488076e-01 -2.831239e-03 9.999940e-01 -1.989751e-03 -1.445420e-01 5.075058e-02 2.130882e-03 9.987091e-01 1.093149e+01
9.986394e-01 8.586365e-04 -5.214015e-02 -5.038889e-01 -9.720090e-04 9.999972e-01 -2.149062e-03 -1.618688e-01 5.213816e-02 2.196818e-03 9.986375e-01 1.179462e+01
9.985438e-01 3.814057e-03 -5.381140e-02 -5.754161e-01 -4.037505e-03 9.999837e-01 -4.044315e-03 -1.864158e-01 5.379509e-02 4.255690e-03 9.985429e-01 1.268278e+01
9.984649e-01 4.005527e-03 -5.524349e-02 -6.421298e-01 -4.370091e-03 9.999695e-01 -6.480002e-03 -2.016043e-01 5.521585e-02 6.711474e-03 9.984519e-01 1.358631e+01
9.983338e-01 9.035464e-03 -5.699115e-02 -7.119541e-01 -9.478881e-03 9.999268e-01 -7.514928e-03 -2.279312e-01 5.691908e-02 8.042619e-03 9.983464e-01 1.447708e+01
9.982574e-01 1.034588e-02 -5.809645e-02 -7.829132e-01 -1.080417e-02 9.999129e-01 -7.579915e-03 -2.391887e-01 5.801297e-02 8.194390e-03 9.982822e-01 1.537949e+01
9.981628e-01 9.281740e-03 -5.987368e-02 -8.317957e-01 -9.669204e-03 9.999341e-01 -6.184873e-03 -2.531412e-01 5.981233e-02 6.752441e-03 9.981868e-01 1.628365e+01
9.980483e-01 1.000867e-02 -6.163881e-02 -8.787028e-01 -1.032983e-02 9.999347e-01 -4.893920e-03 -2.660078e-01 6.158580e-02 5.521087e-03 9.980865e-01 1.718553e+01
9.979714e-01 1.058629e-02 -6.277804e-02 -9.335776e-01 -1.091099e-02 9.999288e-01 -4.831698e-03 -2.877473e-01 6.272242e-02 5.506867e-03 9.980158e-01 1.809877e+01
9.978511e-01 1.007663e-02 -6.474354e-02 -9.879118e-01 -1.045916e-02 9.999298e-01 -5.572171e-03 -3.087086e-01 6.468284e-02 6.237360e-03 9.978864e-01 1.901693e+01
9.977801e-01 9.273809e-03 -6.594633e-02 -1.040153e+00 -9.732632e-03 9.999306e-01 -6.639663e-03 -3.195723e-01 6.588018e-02 7.266755e-03 9.978011e-01 1.992969e+01
9.977293e-01 9.916741e-03 -6.661716e-02 -1.104379e+00 -1.023619e-02 9.999377e-01 -4.455655e-03 -3.550855e-01 6.656882e-02 5.127443e-03 9.977687e-01 2.085427e+01
9.977125e-01 1.161085e-02 -6.659495e-02 -1.173109e+00 -1.170296e-02 9.999310e-01 -9.932617e-04 -3.734932e-01 6.657882e-02 1.770348e-03 9.977796e-01 2.177393e+01
9.977530e-01 1.229841e-02 -6.586124e-02 -1.243934e+00 -1.214819e-02 9.999226e-01 2.680740e-03 -3.823849e-01 6.588911e-02 -1.874621e-03 9.978252e-01 2.271140e+01
9.978513e-01 1.119822e-02 -6.455476e-02 -1.301217e+00 -1.086645e-02 9.999259e-01 5.488209e-03 -3.942402e-01 6.461143e-02 -4.774935e-03 9.978991e-01 2.366005e+01
9.979345e-01 1.185630e-02 -6.313547e-02 -1.364724e+00 -1.145598e-02 9.999119e-01 6.698824e-03 -4.148684e-01 6.320933e-02 -5.961709e-03 9.979825e-01 2.460697e+01
9.980107e-01 1.274694e-02 -6.174245e-02 -1.431849e+00 -1.251952e-02 9.999133e-01 4.068786e-03 -4.215134e-01 6.178896e-02 -3.287706e-03 9.980838e-01 2.556374e+01
9.980373e-01 1.412320e-02 -6.100858e-02 -1.493017e+00 -1.418453e-02 9.998992e-01 -5.722632e-04 -4.318466e-01 6.099435e-02 1.436518e-03 9.981371e-01 2.652341e+01
9.981226e-01 1.299318e-02 -5.985374e-02 -1.554149e+00 -1.322091e-02 9.999068e-01 -3.410259e-03 -4.420597e-01 5.980386e-02 4.195178e-03 9.982013e-01 2.747315e+01
9.981909e-01 1.027415e-02 -5.924013e-02 -1.609461e+00 -1.046705e-02 9.999409e-01 -2.946769e-03 -4.479263e-01 5.920635e-02 3.561507e-03 9.982394e-01 2.845504e+01
9.981921e-01 8.579499e-03 -5.948869e-02 -1.677396e+00 -8.501404e-03 9.999626e-01 1.565743e-03 -4.499370e-01 5.949990e-02 -1.057175e-03 9.982278e-01 2.945642e+01
9.981705e-01 4.535993e-03 -6.029151e-02 -1.739821e+00 -4.291084e-03 9.999820e-01 4.190931e-03 -4.513267e-01 6.030944e-02 -3.924548e-03 9.981720e-01 3.046467e+01
9.981102e-01 -2.770605e-03 -6.138630e-02 -1.788937e+00 2.964761e-03 9.999909e-01 3.071991e-03 -4.564972e-01 6.137722e-02 -3.248181e-03 9.981094e-01 3.146161e+01
9.980224e-01 -4.407724e-03 -6.270521e-02 -1.855969e+00 4.369022e-03 9.999902e-01 -7.543097e-04 -4.680410e-01 6.270792e-02 4.788575e-04 9.980318e-01 3.245072e+01
9.979198e-01 -4.316520e-03 -6.432322e-02 -1.924790e+00 4.004428e-03 9.999796e-01 -4.980071e-03 -4.690815e-01 6.434340e-02 4.712134e-03 9.979167e-01 3.343267e+01
9.977896e-01 -2.833261e-03 -6.639172e-02 -2.002123e+00 2.456491e-03 9.999804e-01 -5.755912e-03 -4.781477e-01 6.640673e-02 5.580098e-03 9.977770e-01 3.442026e+01
9.977082e-01 -2.863319e-03 -6.760242e-02 -2.067864e+00 2.568644e-03 9.999868e-01 -4.445461e-03 -4.924941e-01 6.761426e-02 4.261627e-03 9.977024e-01 3.541920e+01
9.976369e-01 -2.207690e-04 -6.870600e-02 -2.148718e+00 1.305790e-04 9.999991e-01 -1.317183e-03 -5.131828e-01 6.870623e-02 1.305099e-03 9.976361e-01 3.641441e+01
9.975257e-01 -8.023154e-04 -7.029827e-02 -2.217893e+00 8.176839e-04 9.999996e-01 1.898422e-04 -5.278735e-01 7.029809e-02 -2.468542e-04 9.975260e-01 3.742033e+01
9.974364e-01 -1.450838e-04 -7.155809e-02 -2.286492e+00 3.641028e-04 9.999953e-01 3.047683e-03 -5.414873e-01 7.155731e-02 -3.065924e-03 9.974318e-01 3.841083e+01
9.974474e-01 -1.215912e-04 -7.140501e-02 -2.372005e+00 5.591665e-04 9.999812e-01 6.108119e-03 -5.485917e-01 7.140292e-02 -6.132455e-03 9.974287e-01 3.941854e+01
9.974039e-01 5.322775e-03 -7.181356e-02 -2.465472e+00 -4.701849e-03 9.999501e-01 8.812641e-03 -5.542941e-01 7.185688e-02 -8.452105e-03 9.973791e-01 4.041956e+01
9.973871e-01 4.602782e-03 -7.209612e-02 -2.543354e+00 -4.007499e-03 9.999567e-01 8.399263e-03 -5.674150e-01 7.213166e-02 -8.088391e-03 9.973623e-01 4.143651e+01
9.973939e-01 4.668231e-03 -7.199754e-02 -2.626022e+00 -4.194503e-03 9.999686e-01 6.729565e-03 -5.745435e-01 7.202669e-02 -6.410033e-03 9.973821e-01 4.243138e+01
9.973580e-01 7.260991e-03 -7.227890e-02 -2.702507e+00 -6.929861e-03 9.999643e-01 4.831001e-03 -5.848500e-01 7.231140e-02 -4.317355e-03 9.973728e-01 4.342941e+01
9.972577e-01 7.241973e-03 -7.365240e-02 -2.773174e+00 -6.924734e-03 9.999656e-01 4.561700e-03 -5.863285e-01 7.368290e-02 -4.039168e-03 9.972735e-01 4.444276e+01
9.971718e-01 5.888798e-03 -7.492500e-02 -2.845227e+00 -5.502221e-03 9.999705e-01 5.364893e-03 -5.952015e-01 7.495438e-02 -4.937466e-03 9.971747e-01 4.543426e+01
9.970854e-01 6.525539e-03 -7.601388e-02 -2.915777e+00 -6.038462e-03 9.999598e-01 6.635817e-03 -6.127833e-01 7.605412e-02 -6.157469e-03 9.970847e-01 4.642226e+01
9.970474e-01 9.533765e-03 -7.619421e-02 -3.001583e+00 -9.315258e-03 9.999514e-01 3.222663e-03 -6.233384e-01 7.622123e-02 -2.503379e-03 9.970878e-01 4.739285e+01
9.969359e-01 9.962239e-03 -7.758630e-02 -3.070269e+00 -1.006460e-02 9.999489e-01 -9.284512e-04 -6.347539e-01 7.757309e-02 1.706482e-03 9.969852e-01 4.836686e+01
9.968401e-01 1.119889e-02 -7.864053e-02 -3.141435e+00 -1.143259e-02 9.999315e-01 -2.522169e-03 -6.349766e-01 7.860689e-02 3.413264e-03 9.968998e-01 4.934587e+01
9.968607e-01 1.012323e-02 -7.852603e-02 -3.232599e+00 -1.008547e-02 9.999488e-01 8.775290e-04 -6.510364e-01 7.853089e-02 -8.280244e-05 9.969117e-01 5.033115e+01
9.968541e-01 7.832688e-03 -7.887074e-02 -3.307722e+00 -7.552777e-03 9.999641e-01 3.846676e-03 -6.663864e-01 7.889803e-02 -3.238882e-03 9.968774e-01 5.130327e+01
9.968372e-01 6.388515e-03 -7.921320e-02 -3.389388e+00 -6.088454e-03 9.999733e-01 4.028967e-03 -6.789313e-01 7.923683e-02 -3.533938e-03 9.968496e-01 5.227974e+01
9.967953e-01 3.358754e-03 -7.992426e-02 -3.454411e+00 -3.150440e-03 9.999913e-01 2.732360e-03 -6.966937e-01 7.993274e-02 -2.471807e-03 9.967972e-01 5.325354e+01
9.967590e-01 7.318788e-04 -8.044241e-02 -3.535597e+00 -6.767034e-04 9.999995e-01 7.131599e-04 -6.988085e-01 8.044289e-02 -6.564129e-04 9.967590e-01 5.421942e+01
9.966679e-01 -4.843494e-04 -8.156453e-02 -3.613256e+00 6.109529e-04 9.999986e-01 1.527237e-03 -7.052843e-01 8.156368e-02 -1.571981e-03 9.966669e-01 5.517287e+01
9.965509e-01 -4.074387e-03 -8.288394e-02 -3.688885e+00 4.526000e-03 9.999759e-01 5.261573e-03 -7.133160e-01 8.286051e-02 -5.618558e-03 9.965453e-01 5.612640e+01
9.965006e-01 -5.744221e-03 -8.338818e-02 -3.774631e+00 6.597276e-03 9.999287e-01 9.957987e-03 -7.221359e-01 8.332503e-02 -1.047327e-02 9.964674e-01 5.709232e+01
9.964880e-01 -3.776286e-03 -8.365033e-02 -3.869758e+00 4.868436e-03 9.999055e-01 1.285601e-02 -7.431928e-01 8.359388e-02 -1.321811e-02 9.964122e-01 5.804773e+01
9.963847e-01 -1.511222e-03 -8.494256e-02 -3.961193e+00 2.290540e-03 9.999562e-01 9.077931e-03 -7.542071e-01 8.492512e-02 -9.239676e-03 9.963445e-01 5.899134e+01
9.963054e-01 1.009518e-03 -8.587539e-02 -4.054968e+00 -8.682720e-04 9.999982e-01 1.682109e-03 -7.686820e-01 8.587693e-02 -1.601331e-03 9.963045e-01 5.990801e+01
9.962188e-01 2.926076e-03 -8.683076e-02 -4.139313e+00 -3.196932e-03 9.999904e-01 -2.980464e-03 -7.748238e-01 8.682121e-02 3.246786e-03 9.962186e-01 6.081728e+01
9.960761e-01 7.841949e-03 -8.815231e-02 -4.222545e+00 -8.011467e-03 9.999667e-01 -1.569376e-03 -7.937145e-01 8.813706e-02 2.269447e-03 9.961058e-01 6.171253e+01
9.959447e-01 1.118773e-02 -8.926877e-02 -4.313779e+00 -1.114611e-02 9.999374e-01 9.646924e-04 -8.115253e-01 8.927398e-02 3.421922e-05 9.960071e-01 6.263401e+01
9.957804e-01 1.315084e-02 -9.082047e-02 -4.389270e+00 -1.294400e-02 9.999121e-01 2.866047e-03 -8.328481e-01 9.085018e-02 -1.678373e-03 9.958632e-01 6.354029e+01
9.956663e-01 1.332828e-02 -9.203744e-02 -4.479013e+00 -1.312910e-02 9.999100e-01 2.769282e-03 -8.454959e-01 9.206607e-02 -1.548912e-03 9.957517e-01 6.442597e+01
9.954773e-01 1.493137e-02 -9.381874e-02 -4.571319e+00 -1.464810e-02 9.998858e-01 3.707258e-03 -8.574009e-01 9.386339e-02 -2.316225e-03 9.955824e-01 6.530028e+01
9.953235e-01 1.562338e-02 -9.532589e-02 -4.658935e+00 -1.527292e-02 9.998737e-01 4.405062e-03 -8.715358e-01 9.538267e-02 -2.928557e-03 9.954364e-01 6.615030e+01
9.951735e-01 1.586618e-02 -9.684019e-02 -4.736766e+00 -1.544273e-02 9.998676e-01 5.120719e-03 -8.930812e-01 9.690862e-02 -3.600528e-03 9.952868e-01 6.697526e+01
9.950035e-01 1.534892e-02 -9.865315e-02 -4.806079e+00 -1.482944e-02 9.998721e-01 5.996873e-03 -8.997039e-01 9.873257e-02 -4.503938e-03 9.951038e-01 6.778423e+01
9.947641e-01 1.813724e-02 -1.005753e-01 -4.872556e+00 -1.731320e-02 9.998091e-01 9.060202e-03 -9.139885e-01 1.007204e-01 -7.271484e-03 9.948882e-01 6.858542e+01
9.945567e-01 1.919175e-02 -1.024140e-01 -4.947013e+00 -1.791384e-02 9.997500e-01 1.338308e-02 -9.245990e-01 1.026453e-01 -1.147560e-02 9.946518e-01 6.938322e+01
9.942968e-01 2.231000e-02 -1.042891e-01 -5.027936e+00 -2.084553e-02 9.996685e-01 1.511143e-02 -9.257851e-01 1.045917e-01 -1.285128e-02 9.944322e-01 7.016408e+01
9.940078e-01 2.580154e-02 -1.062202e-01 -5.096627e+00 -2.474079e-02 9.996301e-01 1.129221e-02 -9.333807e-01 1.064722e-01 -8.596572e-03 9.942785e-01 7.092521e+01
9.938391e-01 2.672741e-02 -1.075612e-01 -5.182749e+00 -2.641866e-02 9.996417e-01 4.294709e-03 -9.475441e-01 1.076374e-01 -1.426629e-03 9.941892e-01 7.165949e+01
9.936804e-01 2.660626e-02 -1.090474e-01 -5.264981e+00 -2.693151e-02 9.996361e-01 -1.510715e-03 -9.560129e-01 1.089676e-01 4.437980e-03 9.940354e-01 7.238481e+01
9.936138e-01 2.703936e-02 -1.095464e-01 -5.349087e+00 -2.748560e-02 9.996189e-01 -2.565286e-03 -9.650078e-01 1.094352e-01 5.559851e-03 9.939784e-01 7.308042e+01
9.934815e-01 2.921067e-02 -1.101869e-01 -5.441332e+00 -2.926358e-02 9.995711e-01 1.137243e-03 -9.765632e-01 1.101729e-01 2.094635e-03 9.939102e-01 7.376778e+01
9.933103e-01 2.963963e-02 -1.116074e-01 -5.522277e+00 -2.939846e-02 9.995605e-01 3.806276e-03 -1.002083e+00 1.116712e-01 -4.997275e-04 9.937451e-01 7.443639e+01
9.932902e-01 2.654618e-02 -1.125609e-01 -5.600469e+00 -2.666333e-02 9.996444e-01 4.647789e-04 -1.021569e+00 1.125332e-01 2.539587e-03 9.936447e-01 7.507818e+01
9.935050e-01 1.887191e-02 -1.122128e-01 -5.674519e+00 -1.959513e-02 9.997937e-01 -5.345607e-03 -1.040496e+00 1.120887e-01 7.509711e-03 9.936698e-01 7.569455e+01
9.936522e-01 1.517546e-02 -1.114673e-01 -5.735424e+00 -1.645080e-02 9.998092e-01 -1.053050e-02 -1.050845e+00 1.112863e-01 1.229738e-02 9.937123e-01 7.630223e+01
9.939841e-01 1.784414e-02 -1.080611e-01 -5.816507e+00 -1.906744e-02 9.997652e-01 -1.029765e-02 -1.067126e+00 1.078520e-01 1.229615e-02 9.940909e-01 7.689596e+01
9.942887e-01 2.251773e-02 -1.043217e-01 -5.886390e+00 -2.335032e-02 9.997044e-01 -6.766412e-03 -1.079126e+00 1.041385e-01 9.163711e-03 9.945206e-01 7.747499e+01
9.947921e-01 2.060720e-02 -9.981982e-02 -5.941507e+00 -2.111714e-02 9.997688e-01 -4.054620e-03 -1.088696e+00 9.971319e-02 6.141413e-03 9.949973e-01 7.803693e+01
9.953980e-01 1.652542e-02 -9.439120e-02 -5.986503e+00 -1.662223e-02 9.998618e-01 -2.394305e-04 -1.099656e+00 9.437420e-02 1.807321e-03 9.955352e-01 7.858723e+01
9.962181e-01 1.174319e-02 -8.609081e-02 -6.029637e+00 -1.155642e-02 9.999297e-01 2.667508e-03 -1.112326e+00 8.611608e-02 -1.662517e-03 9.962837e-01 7.912492e+01
9.970456e-01 1.534645e-02 -7.526320e-02 -6.073658e+00 -1.516854e-02 9.998806e-01 2.934992e-03 -1.125223e+00 7.529925e-02 -1.784688e-03 9.971594e-01 7.964529e+01
9.979648e-01 2.048865e-02 -6.038591e-02 -6.103659e+00 -2.033833e-02 9.997883e-01 3.102951e-03 -1.137975e+00 6.043670e-02 -1.868487e-03 9.981703e-01 8.016029e+01
9.987675e-01 2.553537e-02 -4.256045e-02 -6.119763e+00 -2.538741e-02 9.996696e-01 4.013456e-03 -1.142974e+00 4.264887e-02 -2.928011e-03 9.990858e-01 8.065776e+01
9.995120e-01 2.378387e-02 -2.024879e-02 -6.121412e+00 -2.369322e-02 9.997082e-01 4.705128e-03 -1.146115e+00 2.035479e-02 -4.223073e-03 9.997839e-01 8.115081e+01
9.997744e-01 2.043391e-02 5.800630e-03 -6.092793e+00 -2.046764e-02 9.997736e-01 5.815776e-03 -1.150315e+00 -5.680478e-03 -5.933189e-03 9.999663e-01 8.163341e+01
9.991960e-01 1.928388e-02 3.514944e-02 -6.054480e+00 -1.955214e-02 9.997822e-01 7.304445e-03 -1.153864e+00 -3.500092e-02 -7.985819e-03 9.993554e-01 8.209876e+01
9.975221e-01 1.876128e-02 6.780578e-02 -5.992256e+00 -1.937932e-02 9.997763e-01 8.468500e-03 -1.151598e+00 -6.763173e-02 -9.761546e-03 9.976626e-01 8.255511e+01
9.943429e-01 1.823158e-02 1.046409e-01 -5.907634e+00 -1.932386e-02 9.997688e-01 9.434008e-03 -1.161061e+00 -1.044447e-01 -1.140270e-02 9.944653e-01 8.300112e+01
9.890442e-01 1.841195e-02 1.464670e-01 -5.819950e+00 -1.999592e-02 9.997563e-01 9.349389e-03 -1.156585e+00 -1.462592e-01 -1.217570e-02 9.891714e-01 8.343974e+01
9.813486e-01 1.807171e-02 1.913856e-01 -5.696906e+00 -2.026882e-02 9.997492e-01 9.528368e-03 -1.158258e+00 -1.911654e-01 -1.322981e-02 9.814687e-01 8.387355e+01
9.704571e-01 1.924894e-02 2.405047e-01 -5.561856e+00 -2.169824e-02 9.997361e-01 7.539763e-03 -1.163453e+00 -2.402961e-01 -1.253554e-02 9.706187e-01 8.429351e+01
9.557567e-01 1.875419e-02 2.935599e-01 -5.399820e+00 -2.121764e-02 9.997613e-01 5.209100e-03 -1.170288e+00 -2.933922e-01 -1.120728e-02 9.559265e-01 8.469352e+01
9.366313e-01 1.795855e-02 3.498560e-01 -5.221895e+00 -2.067505e-02 9.997781e-01 4.031172e-03 -1.178503e+00 -3.497060e-01 -1.100901e-02 9.367948e-01 8.508406e+01
9.131994e-01 1.805403e-02 4.071129e-01 -4.999392e+00 -2.095648e-02 9.997768e-01 2.671108e-03 -1.183714e+00 -4.069738e-01 -1.097091e-02 9.133740e-01 8.547367e+01
8.851248e-01 1.715125e-02 4.650376e-01 -4.748430e+00 -2.026443e-02 9.997932e-01 1.696301e-03 -1.195832e+00 -4.649124e-01 -1.092516e-02 8.852893e-01 8.584094e+01
8.523316e-01 1.421947e-02 5.228084e-01 -4.484026e+00 -1.735875e-02 9.998487e-01 1.105747e-03 -1.195361e+00 -5.227135e-01 -1.001777e-02 8.524495e-01 8.617754e+01
8.130198e-01 1.203268e-02 5.821117e-01 -4.204519e+00 -1.204146e-02 9.999201e-01 -3.851107e-03 -1.122815e+00 -5.821116e-01 -3.878452e-03 8.130997e-01 8.659212e+01
7.664890e-01 1.207301e-02 6.421440e-01 -3.930524e+00 -7.758850e-03 9.999244e-01 -9.538396e-03 -1.022737e+00 -6.422106e-01 2.328777e-03 7.665247e-01 8.705971e+01
7.189038e-01 1.478150e-02 6.949524e-01 -3.615949e+00 -9.482186e-03 9.998894e-01 -1.145846e-02 -9.989944e-01 -6.950450e-01 1.647859e-03 7.189644e-01 8.744537e+01
6.720553e-01 1.283956e-02 7.403896e-01 -3.235879e+00 -7.127372e-03 9.999155e-01 -1.087061e-02 -9.852534e-01 -7.404666e-01 2.028620e-03 6.720900e-01 8.774835e+01
6.237667e-01 9.780778e-03 7.815494e-01 -2.864493e+00 -4.373230e-03 9.999497e-01 -9.023628e-03 -1.000190e+00 -7.815983e-01 2.210743e-03 6.237781e-01 8.800903e+01
5.750387e-01 4.921004e-03 8.181114e-01 -2.465887e+00 -3.155859e-04 9.999832e-01 -5.793156e-03 -1.009676e+00 -8.181261e-01 3.073105e-03 5.750306e-01 8.824429e+01
5.267964e-01 8.391899e-03 8.499500e-01 -2.056259e+00 -2.068510e-03 9.999610e-01 -8.590960e-03 -1.042046e+00 -8.499890e-01 2.767557e-03 5.267932e-01 8.846247e+01
4.774702e-01 1.367628e-02 8.785415e-01 -1.656990e+00 -3.696284e-03 9.999013e-01 -1.355664e-02 -1.056212e+00 -8.786402e-01 3.225551e-03 4.774736e-01 8.866331e+01
4.306203e-01 1.614478e-02 9.023888e-01 -1.185538e+00 -3.350532e-03 9.998617e-01 -1.628980e-02 -1.077677e+00 -9.025270e-01 3.991237e-03 4.306148e-01 8.885654e+01
3.868029e-01 1.177418e-02 9.220872e-01 -7.031824e-01 -2.379593e-03 9.999279e-01 -1.176993e-02 -1.118386e+00 -9.221593e-01 2.358451e-03 3.868030e-01 8.900504e+01
3.465322e-01 -1.572347e-03 9.380367e-01 -1.695975e-01 -1.930912e-05 9.999986e-01 1.683342e-03 -1.147050e+00 -9.380381e-01 -6.014449e-04 3.465317e-01 8.912929e+01
3.109907e-01 -6.666950e-03 9.503896e-01 3.435214e-01 -2.958398e-04 9.999747e-01 7.111594e-03 -1.155745e+00 -9.504129e-01 -2.492803e-03 3.109809e-01 8.921885e+01
2.773293e-01 -2.346022e-03 9.607721e-01 7.993848e-01 1.426021e-03 9.999969e-01 2.030177e-03 -1.174046e+00 -9.607739e-01 8.070540e-04 2.773317e-01 8.932268e+01
2.463712e-01 9.898278e-03 9.691250e-01 1.215614e+00 3.127879e-03 9.999345e-01 -1.100813e-02 -1.181194e+00 -9.691705e-01 5.743391e-03 2.463241e-01 8.940481e+01
2.178315e-01 1.530087e-02 9.758664e-01 1.703574e+00 4.962128e-03 9.998468e-01 -1.678451e-02 -1.204284e+00 -9.759738e-01 8.498568e-03 2.177222e-01 8.949502e+01
1.920924e-01 1.494097e-02 9.812631e-01 2.233094e+00 6.965057e-03 9.998382e-01 -1.658728e-02 -1.216896e+00 -9.813521e-01 1.002084e-02 1.919573e-01 8.955979e+01
1.678017e-01 8.904170e-03 9.857806e-01 2.850671e+00 1.105385e-02 9.998794e-01 -1.091313e-02 -1.221831e+00 -9.857588e-01 1.272791e-02 1.676831e-01 8.963554e+01
1.467872e-01 2.900527e-03 9.891638e-01 3.376411e+00 2.030375e-02 9.997762e-01 -5.944625e-03 -1.209424e+00 -9.889597e-01 2.095633e-02 1.466954e-01 8.970038e+01
1.268730e-01 2.024202e-03 9.919169e-01 3.994133e+00 2.789900e-02 9.995950e-01 -5.608344e-03 -1.196461e+00 -9.915265e-01 2.838504e-02 1.267651e-01 8.977164e+01
1.090968e-01 5.553008e-03 9.940156e-01 4.536594e+00 2.854362e-02 9.995545e-01 -8.716717e-03 -1.186994e+00 -9.936212e-01 2.932377e-02 1.088897e-01 8.983963e+01
9.347881e-02 9.063836e-03 9.955800e-01 5.045820e+00 2.341038e-02 9.996621e-01 -1.129909e-02 -1.200094e+00 -9.953460e-01 2.436313e-02 9.323504e-02 8.989118e+01
7.898719e-02 8.821026e-03 9.968366e-01 5.550051e+00 2.034800e-02 9.997382e-01 -1.045903e-02 -1.205458e+00 -9.966679e-01 2.110976e-02 7.878703e-02 8.992707e+01
6.541471e-02 6.579697e-03 9.978365e-01 6.075405e+00 1.818828e-02 9.998043e-01 -7.785033e-03 -1.213938e+00 -9.976924e-01 1.865819e-02 6.528223e-02 8.995965e+01
5.309773e-02 4.152401e-03 9.985807e-01 6.642518e+00 1.808521e-02 9.998233e-01 -5.119217e-03 -1.217627e+00 -9.984255e-01 1.833136e-02 5.301325e-02 9.001545e+01
4.284884e-02 1.570530e-03 9.990803e-01 7.191555e+00 1.926631e-02 9.998115e-01 -2.397978e-03 -1.226187e+00 -9.988958e-01 1.935134e-02 4.281050e-02 9.003267e+01
3.466673e-02 -1.278006e-03 9.993981e-01 7.809696e+00 2.062733e-02 9.997871e-01 5.629908e-04 -1.219245e+00 -9.991860e-01 2.059539e-02 3.468571e-02 9.006773e+01
2.931805e-02 -3.733335e-03 9.995632e-01 8.431985e+00 2.176379e-02 9.997583e-01 3.095713e-03 -1.206277e+00 -9.993332e-01 2.166352e-02 2.939222e-02 9.008252e+01
2.405300e-02 -5.219231e-03 9.996971e-01 9.056244e+00 2.343721e-02 9.997145e-01 4.655416e-03 -1.192016e+00 -9.994359e-01 2.331813e-02 2.416846e-02 9.008272e+01
1.925259e-02 -8.121347e-03 9.997817e-01 9.764200e+00 2.472572e-02 9.996650e-01 7.644262e-03 -1.159514e+00 -9.995089e-01 2.457315e-02 1.944695e-02 9.002850e+01
1.448943e-02 -9.881880e-03 9.998462e-01 1.045334e+01 2.468630e-02 9.996499e-01 9.522195e-03 -1.169961e+00 -9.995902e-01 2.454454e-02 1.472831e-02 9.005740e+01
1.187772e-02 -1.170790e-02 9.998609e-01 1.111938e+01 2.496908e-02 9.996231e-01 1.140850e-02 -1.160863e+00 -9.996177e-01 2.483010e-02 1.216558e-02 9.004845e+01
8.835317e-03 -1.298993e-02 9.998766e-01 1.175501e+01 2.467303e-02 9.996140e-01 1.276850e-02 -1.159017e+00 -9.996565e-01 2.455717e-02 9.152408e-03 9.005027e+01
6.532282e-03 -1.452839e-02 9.998731e-01 1.241587e+01 2.424131e-02 9.996029e-01 1.436609e-02 -1.155698e+00 -9.996848e-01 2.414439e-02 6.881875e-03 9.004595e+01
5.838766e-03 -1.835732e-02 9.998144e-01 1.308611e+01 2.400000e-02 9.995461e-01 1.821224e-02 -1.150358e+00 -9.996949e-01 2.388921e-02 6.276691e-03 9.004113e+01
6.611746e-03 -2.214107e-02 9.997330e-01 1.377359e+01 2.354821e-02 9.994811e-01 2.197976e-02 -1.147604e+00 -9.997008e-01 2.339660e-02 7.129697e-03 9.004578e+01
9.037777e-03 -2.467201e-02 9.996547e-01 1.448455e+01 2.353649e-02 9.994239e-01 2.445352e-02 -1.135001e+00 -9.996821e-01 2.330735e-02 9.613263e-03 9.005212e+01
1.294027e-02 -2.721374e-02 9.995459e-01 1.520540e+01 2.347151e-02 9.993624e-01 2.690488e-02 -1.125582e+00 -9.996408e-01 2.311269e-02 1.357077e-02 9.005498e+01
1.730248e-02 -2.768132e-02 9.994670e-01 1.596028e+01 2.331095e-02 9.993561e-01 2.727469e-02 -1.107087e+00 -9.995785e-01 2.282660e-02 1.793662e-02 9.007619e+01
2.129463e-02 -2.905401e-02 9.993510e-01 1.673009e+01 2.163341e-02 9.993570e-01 2.859321e-02 -1.092358e+00 -9.995392e-01 2.101049e-02 2.190948e-02 9.010110e+01
2.551441e-02 -2.929673e-02 9.992451e-01 1.749857e+01 2.014345e-02 9.993826e-01 2.878642e-02 -1.074191e+00 -9.994715e-01 1.939377e-02 2.608880e-02 9.012311e+01
2.965754e-02 -2.667794e-02 9.992040e-01 1.827878e+01 1.784037e-02 9.994987e-01 2.615629e-02 -1.056152e+00 -9.994009e-01 1.705044e-02 3.011861e-02 9.015910e+01
3.369161e-02 -2.584873e-02 9.990980e-01 1.908130e+01 1.647684e-02 9.995440e-01 2.530464e-02 -1.049938e+00 -9.992964e-01 1.560942e-02 3.410215e-02 9.019392e+01
3.827411e-02 -2.309435e-02 9.990004e-01 1.987535e+01 1.729210e-02 9.995985e-01 2.244568e-02 -1.033999e+00 -9.991176e-01 1.641572e-02 3.865809e-02 9.022327e+01
4.166945e-02 -2.133630e-02 9.989036e-01 2.067478e+01 2.143887e-02 9.995609e-01 2.045601e-02 -1.026076e+00 -9.989014e-01 2.056297e-02 4.210857e-02 9.025835e+01
4.343340e-02 -1.529115e-02 9.989393e-01 2.147568e+01 2.604310e-02 9.995604e-01 1.416832e-02 -1.020323e+00 -9.987168e-01 2.540010e-02 4.381253e-02 9.030106e+01
4.363787e-02 -1.231807e-02 9.989715e-01 2.228808e+01 2.905424e-02 9.995167e-01 1.105562e-02 -1.016780e+00 -9.986248e-01 2.854191e-02 4.397467e-02 9.034167e+01
4.378063e-02 -1.031270e-02 9.989879e-01 2.311212e+01 2.786684e-02 9.995702e-01 9.097446e-03 -1.025985e+00 -9.986524e-01 2.744034e-02 4.404920e-02 9.039434e+01
4.406244e-02 -7.050648e-03 9.990039e-01 2.394625e+01 2.597891e-02 9.996450e-01 5.909337e-03 -1.024923e+00 -9.986909e-01 2.569266e-02 4.422997e-02 9.043705e+01
4.371552e-02 -8.075601e-03 9.990114e-01 2.478902e+01 2.511591e-02 9.996602e-01 6.981804e-03 -1.029121e+00 -9.987283e-01 2.478587e-02 4.390349e-02 9.048460e+01
4.447472e-02 -5.734404e-03 9.989941e-01 2.562551e+01 2.437427e-02 9.996921e-01 4.653280e-03 -1.030405e+00 -9.987131e-01 2.414280e-02 4.460080e-02 9.052986e+01
4.435585e-02 -3.712525e-03 9.990089e-01 2.645282e+01 2.470389e-02 9.996914e-01 2.618212e-03 -1.035479e+00 -9.987103e-01 2.456327e-02 4.443387e-02 9.058294e+01
4.410899e-02 -6.834392e-04 9.990265e-01 2.729024e+01 2.478778e-02 9.996927e-01 -4.105342e-04 -1.054370e+00 -9.987192e-01 2.478175e-02 4.411237e-02 9.064526e+01
4.275303e-02 1.900636e-03 9.990839e-01 2.812953e+01 2.577540e-02 9.996632e-01 -3.004725e-03 -1.067348e+00 -9.987531e-01 2.588024e-02 4.268964e-02 9.069635e+01
3.562123e-02 6.666745e-03 9.993431e-01 2.923639e+01 2.409956e-02 9.996812e-01 -7.528020e-03 -1.138413e+00 -9.990747e-01 2.435189e-02 3.544921e-02 9.090262e+01
3.156759e-02 9.531767e-03 9.994562e-01 3.007359e+01 2.205261e-02 9.997045e-01 -1.023066e-02 -1.169731e+00 -9.992583e-01 2.236358e-02 3.134806e-02 9.094921e+01
2.607447e-02 1.104498e-02 9.995990e-01 3.092571e+01 1.976111e-02 9.997379e-01 -1.156198e-02 -1.187708e+00 -9.994647e-01 2.005466e-02 2.584937e-02 9.099460e+01
1.972795e-02 1.397746e-02 9.997077e-01 3.175143e+01 1.726770e-02 9.997484e-01 -1.431879e-02 -1.219212e+00 -9.996563e-01 1.754513e-02 1.948163e-02 9.101942e+01
1.230639e-02 1.415074e-02 9.998241e-01 3.259470e+01 1.710144e-02 9.997506e-01 -1.436019e-02 -1.257099e+00 -9.997780e-01 1.727516e-02 1.206132e-02 9.103458e+01
3.356847e-03 1.562201e-02 9.998723e-01 3.349380e+01 1.781098e-02 9.997184e-01 -1.567940e-02 -1.294118e+00 -9.998357e-01 1.786134e-02 3.077659e-03 9.103971e+01
-6.827899e-03 1.610613e-02 9.998470e-01 3.440409e+01 1.847310e-02 9.997017e-01 -1.597764e-02 -1.317547e+00 -9.998060e-01 1.836117e-02 -7.123392e-03 9.102442e+01
-1.654630e-02 1.499708e-02 9.997506e-01 3.523704e+01 1.773082e-02 9.997347e-01 -1.470339e-02 -1.348967e+00 -9.997059e-01 1.748312e-02 -1.680782e-02 9.098428e+01
-2.700432e-02 1.654413e-02 9.994984e-01 3.603031e+01 1.668301e-02 9.997312e-01 -1.609725e-02 -1.374145e+00 -9.994961e-01 1.623995e-02 -2.727307e-02 9.095623e+01
-3.796719e-02 1.597884e-02 9.991512e-01 3.681086e+01 1.544700e-02 9.997621e-01 -1.540164e-02 -1.408192e+00 -9.991596e-01 1.484914e-02 -3.820498e-02 9.091960e+01
-4.862935e-02 1.604064e-02 9.986881e-01 3.759610e+01 1.605609e-02 9.997544e-01 -1.527594e-02 -1.432199e+00 -9.986878e-01 1.529217e-02 -4.887496e-02 9.087550e+01
-5.929027e-02 1.687436e-02 9.980982e-01 3.839401e+01 1.668893e-02 9.997341e-01 -1.591064e-02 -1.456431e+00 -9.981013e-01 1.571385e-02 -5.955612e-02 9.081267e+01
-7.012327e-02 1.740839e-02 9.973864e-01 3.918264e+01 1.817352e-02 9.997041e-01 -1.617111e-02 -1.473107e+00 -9.973728e-01 1.699205e-02 -7.041889e-02 9.076223e+01
-8.040240e-02 1.677850e-02 9.966213e-01 3.997112e+01 1.900941e-02 9.997023e-01 -1.529678e-02 -1.508267e+00 -9.965812e-01 1.771529e-02 -8.069741e-02 9.069463e+01
-8.967275e-02 1.659076e-02 9.958331e-01 4.073494e+01 1.944613e-02 9.996998e-01 -1.490410e-02 -1.530011e+00 -9.957814e-01 1.802861e-02 -8.996846e-02 9.061476e+01
-9.860302e-02 1.606814e-02 9.949971e-01 4.147736e+01 1.981158e-02 9.997032e-01 -1.418084e-02 -1.554794e+00 -9.949296e-01 1.831419e-02 -9.889208e-02 9.051689e+01
-1.077233e-01 1.572087e-02 9.940566e-01 4.221297e+01 1.972917e-02 9.997119e-01 -1.367231e-02 -1.584567e+00 -9.939851e-01 1.813909e-02 -1.080025e-01 9.042806e+01
-1.163601e-01 1.546228e-02 9.930867e-01 4.294635e+01 1.894536e-02 9.997314e-01 -1.334591e-02 -1.616062e+00 -9.930264e-01 1.726145e-02 -1.166218e-01 9.034034e+01
-1.231993e-01 1.395415e-02 9.922838e-01 4.367526e+01 1.740008e-02 9.997778e-01 -1.189918e-02 -1.645450e+00 -9.922294e-01 1.579985e-02 -1.234148e-01 9.023121e+01
-1.281619e-01 1.095069e-02 9.916928e-01 4.439623e+01 1.533789e-02 9.998413e-01 -9.058471e-03 -1.661247e+00 -9.916347e-01 1.404953e-02 -1.283095e-01 9.012683e+01
-1.320857e-01 7.690298e-03 9.912085e-01 4.511684e+01 1.292316e-02 9.998983e-01 -6.035612e-03 -1.677911e+00 -9.911541e-01 1.201233e-02 -1.321717e-01 9.003381e+01
-1.353639e-01 6.359990e-03 9.907755e-01 4.584096e+01 1.141350e-02 9.999231e-01 -4.859351e-03 -1.696617e+00 -9.907302e-01 1.065043e-02 -1.354261e-01 8.994741e+01
-1.372357e-01 6.231017e-03 9.905188e-01 4.654685e+01 1.060765e-02 9.999321e-01 -4.820551e-03 -1.712643e+00 -9.904816e-01 9.845526e-03 -1.372924e-01 8.985932e+01
-1.389198e-01 5.362246e-03 9.902891e-01 4.723261e+01 1.069199e-02 9.999352e-01 -3.914583e-03 -1.727456e+00 -9.902459e-01 1.004435e-02 -1.389681e-01 8.979369e+01
-1.384019e-01 4.431258e-03 9.903662e-01 4.790150e+01 1.140504e-02 9.999308e-01 -2.880220e-03 -1.745565e+00 -9.903105e-01 1.089654e-02 -1.384428e-01 8.971981e+01
-1.359703e-01 3.140587e-03 9.907079e-01 4.856184e+01 1.273202e-02 9.999179e-01 -1.422369e-03 -1.761974e+00 -9.906311e-01 1.242031e-02 -1.359992e-01 8.964915e+01
-1.311507e-01 3.636581e-03 9.913558e-01 4.921107e+01 1.305609e-02 9.999129e-01 -1.940726e-03 -1.786772e+00 -9.912765e-01 1.268870e-02 -1.311867e-01 8.958560e+01
-1.235507e-01 3.928801e-03 9.923305e-01 4.984728e+01 1.365968e-02 9.999042e-01 -2.258079e-03 -1.807299e+00 -9.922442e-01 1.327593e-02 -1.235926e-01 8.953339e+01
-1.121090e-01 4.564171e-03 9.936854e-01 5.043085e+01 1.373946e-02 9.999010e-01 -3.042615e-03 -1.821385e+00 -9.936009e-01 1.331160e-02 -1.121606e-01 8.948063e+01
-9.826746e-02 4.700836e-03 9.951489e-01 5.101253e+01 1.399653e-02 9.998965e-01 -3.341154e-03 -1.842065e+00 -9.950616e-01 1.360031e-02 -9.832308e-02 8.943971e+01
-8.076772e-02 5.571555e-03 9.967174e-01 5.156025e+01 1.513996e-02 9.998759e-01 -4.362364e-03 -1.864771e+00 -9.966180e-01 1.473792e-02 -8.084205e-02 8.940671e+01
-5.931040e-02 6.955684e-03 9.982154e-01 5.209036e+01 1.775950e-02 9.998248e-01 -5.911693e-03 -1.883361e+00 -9.980816e-01 1.737718e-02 -5.942354e-02 8.939248e+01
-3.444318e-02 8.179482e-03 9.993732e-01 5.261886e+01 2.086819e-02 9.997544e-01 -7.463384e-03 -1.895578e+00 -9.991888e-01 2.059805e-02 -3.460541e-02 8.939233e+01
-5.715912e-03 7.765452e-03 9.999535e-01 5.312896e+01 2.311332e-02 9.997037e-01 -7.631392e-03 -1.896592e+00 -9.997165e-01 2.306862e-02 -5.893704e-03 8.940326e+01
2.787081e-02 8.362826e-03 9.995766e-01 5.365049e+01 2.279169e-02 9.996997e-01 -8.999348e-03 -1.902461e+00 -9.993517e-01 2.303286e-02 2.767184e-02 8.943376e+01
6.636040e-02 7.792876e-03 9.977653e-01 5.417471e+01 2.007797e-02 9.997566e-01 -9.143795e-03 -1.921289e+00 -9.975937e-01 2.063988e-02 6.618778e-02 8.948763e+01
1.091900e-01 7.336373e-03 9.939938e-01 5.467149e+01 1.688881e-02 9.998147e-01 -9.234568e-03 -1.917973e+00 -9.938774e-01 1.779570e-02 1.090459e-01 8.955600e+01
1.548083e-01 8.194889e-03 9.879105e-01 5.518140e+01 1.184905e-02 9.998783e-01 -1.015094e-02 -1.937301e+00 -9.878735e-01 1.327725e-02 1.546924e-01 8.966536e+01
2.039029e-01 1.069220e-02 9.789327e-01 5.569058e+01 7.771588e-03 9.998912e-01 -1.253986e-02 -1.941303e+00 -9.789603e-01 1.016478e-02 2.037976e-01 8.979819e+01
2.561772e-01 1.374194e-02 9.665321e-01 5.617567e+01 4.122802e-03 9.998743e-01 -1.530873e-02 -1.966891e+00 -9.666210e-01 7.906569e-03 2.560884e-01 8.995659e+01
3.127130e-01 1.331556e-02 9.497543e-01 5.666018e+01 3.438708e-03 9.998793e-01 -1.515053e-02 -1.989781e+00 -9.498415e-01 8.003694e-03 3.126294e-01 9.013212e+01
3.762680e-01 9.080603e-03 9.264664e-01 5.716983e+01 5.343666e-03 9.999141e-01 -1.197072e-02 -2.021291e+00 -9.264955e-01 9.454926e-03 3.761871e-01 9.029296e+01
4.424509e-01 4.663970e-03 8.967806e-01 5.765497e+01 8.941066e-03 9.999138e-01 -9.611661e-03 -2.069124e+00 -8.967481e-01 1.227086e-02 4.423711e-01 9.046687e+01
5.047875e-01 -9.050956e-04 8.632432e-01 5.808615e+01 1.441990e-02 9.998688e-01 -7.383795e-03 -2.089642e+00 -8.631232e-01 1.617513e-02 5.047343e-01 9.071398e+01
5.640554e-01 1.533352e-03 8.257355e-01 5.847341e+01 1.542240e-02 9.998043e-01 -1.239155e-02 -2.095051e+00 -8.255929e-01 1.972434e-02 5.639214e-01 9.101234e+01
6.207298e-01 1.282334e-03 7.840235e-01 5.885921e+01 1.663262e-02 9.997521e-01 -1.480361e-02 -2.091072e+00 -7.838481e-01 2.222940e-02 6.205545e-01 9.138893e+01
6.742693e-01 -1.428940e-03 7.384842e-01 5.921599e+01 1.921562e-02 9.996935e-01 -1.561036e-02 -2.097405e+00 -7.382355e-01 2.471601e-02 6.740901e-01 9.177202e+01
7.232302e-01 -3.706670e-03 6.905971e-01 5.952073e+01 2.052186e-02 9.996593e-01 -1.612607e-02 -2.084231e+00 -6.903021e-01 2.583520e-02 7.230599e-01 9.222128e+01
7.689772e-01 -6.685461e-03 6.392413e-01 5.983267e+01 1.769724e-02 9.997847e-01 -1.083277e-02 -2.113430e+00 -6.390312e-01 1.964296e-02 7.689299e-01 9.264023e+01
8.102735e-01 -8.956939e-03 5.859835e-01 6.008089e+01 1.448252e-02 9.998839e-01 -4.742294e-03 -2.133196e+00 -5.858730e-01 1.232908e-02 8.103091e-01 9.305725e+01
8.469344e-01 -5.936782e-03 5.316643e-01 6.028911e+01 8.440689e-03 9.999618e-01 -2.279925e-03 -2.157197e+00 -5.316305e-01 6.418561e-03 8.469521e-01 9.349268e+01
8.777201e-01 -2.408951e-03 4.791676e-01 6.043409e+01 1.451705e-03 9.999961e-01 2.368171e-03 -2.197300e+00 -4.791715e-01 -1.382982e-03 8.777202e-01 9.389043e+01
9.032892e-01 1.988661e-03 4.290275e-01 6.058545e+01 -4.206349e-03 9.999822e-01 4.220996e-03 -2.200669e+00 -4.290115e-01 -5.617420e-03 9.032816e-01 9.436831e+01
9.235049e-01 6.751052e-03 3.835273e-01 6.071944e+01 -9.567640e-03 9.999394e-01 5.436689e-03 -2.226895e+00 -3.834674e-01 -8.690260e-03 9.235135e-01 9.479034e+01
9.388099e-01 1.303574e-02 3.441889e-01 6.083501e+01 -1.549461e-02 9.998703e-01 4.394217e-03 -2.205438e+00 -3.440870e-01 -9.458406e-03 9.388901e-01 9.531827e+01
9.508888e-01 1.789667e-02 3.090150e-01 6.095147e+01 -1.914036e-02 9.998163e-01 9.933682e-04 -2.211938e+00 -3.089404e-01 -6.859240e-03 9.510567e-01 9.581390e+01
9.602765e-01 2.034637e-02 2.783077e-01 6.106007e+01 -2.104648e-02 9.997784e-01 -4.722359e-04 -2.214247e+00 -2.782556e-01 -5.403918e-03 9.604919e-01 9.632347e+01
9.663869e-01 1.481466e-02 2.566650e-01 6.116980e+01 -1.537543e-02 9.998818e-01 1.780612e-04 -2.209665e+00 -2.566320e-01 -4.118410e-03 9.665004e-01 9.682181e+01
9.704167e-01 1.165718e-02 2.411546e-01 6.128254e+01 -1.236551e-02 9.999225e-01 1.424066e-03 -2.217314e+00 -2.411193e-01 -4.363937e-03 9.704857e-01 9.733023e+01
9.732706e-01 1.683563e-02 2.290433e-01 6.137791e+01 -1.727441e-02 9.998508e-01 -8.927547e-05 -2.231894e+00 -2.290106e-01 -3.869698e-03 9.734162e-01 9.784062e+01
9.747585e-01 2.308252e-02 2.220653e-01 6.143461e+01 -2.335146e-02 9.997263e-01 -1.414741e-03 -2.228622e+00 -2.220372e-01 -3.806519e-03 9.750308e-01 9.847884e+01
9.756779e-01 3.086564e-02 2.170251e-01 6.150931e+01 -3.042789e-02 9.995226e-01 -5.359215e-03 -2.235757e+00 -2.170869e-01 -1.374748e-03 9.761513e-01 9.917241e+01
9.760893e-01 3.565821e-02 2.144252e-01 6.162603e+01 -3.434535e-02 9.993615e-01 -9.846414e-03 -2.254111e+00 -2.146394e-01 2.246469e-03 9.766908e-01 9.973375e+01
9.760955e-01 3.620263e-02 2.143058e-01 6.174064e+01 -3.434938e-02 9.993334e-01 -1.236657e-02 -2.268686e+00 -2.146107e-01 4.709683e-03 9.766883e-01 1.003029e+02
9.755780e-01 3.393440e-02 2.170160e-01 6.187071e+01 -3.128337e-02 9.993882e-01 -1.564066e-02 -2.278301e+00 -2.174140e-01 8.469690e-03 9.760427e-01 1.008823e+02
9.728595e-01 3.264614e-02 2.290820e-01 6.194338e+01 -2.784945e-02 9.993206e-01 -2.414135e-02 -2.240257e+00 -2.297145e-01 1.710634e-02 9.731077e-01 1.017926e+02
9.718376e-01 3.180941e-02 2.334950e-01 6.210227e+01 -2.578332e-02 9.992521e-01 -2.881616e-02 -2.250903e+00 -2.342370e-01 2.198435e-02 9.719309e-01 1.024013e+02
9.703558e-01 3.697553e-02 2.388358e-01 6.220940e+01 -3.093562e-02 9.991009e-01 -2.898947e-02 -2.285060e+00 -2.396929e-01 2.074157e-02 9.706272e-01 1.031323e+02
9.689631e-01 4.092515e-02 2.437945e-01 6.237467e+01 -3.563519e-02 9.990247e-01 -2.607138e-02 -2.301745e+00 -2.446237e-01 1.657454e-02 9.694764e-01 1.037463e+02
9.673637e-01 3.790079e-02 2.505413e-01 6.255004e+01 -3.391060e-02 9.992202e-01 -2.022561e-02 -2.336029e+00 -2.511125e-01 1.106952e-02 9.678946e-01 1.044908e+02
9.666929e-01 3.486522e-02 2.535534e-01 6.277169e+01 -3.231657e-02 9.993766e-01 -1.421116e-02 -2.360708e+00 -2.538909e-01 5.543851e-03 9.672170e-01 1.051675e+02
9.660987e-01 3.316083e-02 2.560345e-01 6.299774e+01 -3.190815e-02 9.994499e-01 -9.046294e-03 -2.386253e+00 -2.561936e-01 5.700261e-04 9.666253e-01 1.058627e+02
9.655715e-01 2.777270e-02 2.586512e-01 6.324626e+01 -2.676624e-02 9.996142e-01 -7.412571e-03 -2.386690e+00 -2.587573e-01 2.342471e-04 9.659423e-01 1.066566e+02
9.657117e-01 2.399314e-02 2.585058e-01 6.351267e+01 -2.208374e-02 9.997032e-01 -1.028795e-02 -2.392811e+00 -2.586759e-01 4.226419e-03 9.659549e-01 1.074588e+02
9.658678e-01 2.153039e-02 2.581393e-01 6.371385e+01 -1.774994e-02 9.996985e-01 -1.696682e-02 -2.405865e+00 -2.584267e-01 1.180574e-02 9.659587e-01 1.081840e+02
9.660419e-01 2.244860e-02 2.574086e-01 6.390370e+01 -1.678742e-02 9.995669e-01 -2.416984e-02 -2.412063e+00 -2.578397e-01 1.902786e-02 9.660003e-01 1.088741e+02
9.666953e-01 2.395018e-02 2.548068e-01 6.408912e+01 -1.732238e-02 9.994515e-01 -2.822363e-02 -2.433887e+00 -2.553430e-01 2.286979e-02 9.665800e-01 1.095722e+02
9.673517e-01 2.259098e-02 2.524289e-01 6.426104e+01 -1.709039e-02 9.995668e-01 -2.396226e-02 -2.450316e+00 -2.528608e-01 1.886583e-02 9.673187e-01 1.102677e+02
9.678467e-01 1.975550e-02 2.507637e-01 6.445053e+01 -1.629165e-02 9.997411e-01 -1.588175e-02 -2.474676e+00 -2.510125e-01 1.128575e-02 9.679180e-01 1.109985e+02
9.683833e-01 2.120930e-02 2.485638e-01 6.461328e+01 -1.914931e-02 9.997593e-01 -1.070279e-02 -2.498827e+00 -2.487309e-01 5.604582e-03 9.685564e-01 1.117197e+02
9.686635e-01 2.511654e-02 2.471037e-01 6.478740e+01 -2.279955e-02 9.996652e-01 -1.223390e-02 -2.521397e+00 -2.473283e-01 6.216683e-03 9.689118e-01 1.124685e+02
9.690426e-01 2.904278e-02 2.451795e-01 6.494967e+01 -2.548604e-02 9.995190e-01 -1.766767e-02 -2.547324e+00 -2.455747e-01 1.087207e-02 9.693167e-01 1.132041e+02
9.699168e-01 2.919854e-02 2.416791e-01 6.511979e+01 -2.435417e-02 9.994386e-01 -2.300830e-02 -2.567652e+00 -2.422152e-01 1.643025e-02 9.700834e-01 1.139595e+02
9.708625e-01 2.685106e-02 2.381281e-01 6.529100e+01 -2.140866e-02 9.994478e-01 -2.541223e-02 -2.594373e+00 -2.386789e-01 1.957377e-02 9.709013e-01 1.147174e+02
9.717231e-01 2.493041e-02 2.348036e-01 6.546164e+01 -1.994327e-02 9.995228e-01 -2.359070e-02 -2.626309e+00 -2.352797e-01 1.824088e-02 9.717565e-01 1.154985e+02
9.726553e-01 2.108572e-02 2.312943e-01 6.565257e+01 -1.678134e-02 9.996477e-01 -2.056184e-02 -2.658187e+00 -2.316463e-01 1.611816e-02 9.726665e-01 1.162860e+02
9.730555e-01 2.017369e-02 2.296868e-01 6.583007e+01 -1.665874e-02 9.997127e-01 -1.723224e-02 -2.695175e+00 -2.299684e-01 1.294163e-02 9.731120e-01 1.170826e+02
9.733800e-01 1.755816e-02 2.285238e-01 6.601674e+01 -1.460704e-02 9.997867e-01 -1.459898e-02 -2.718262e+00 -2.287314e-01 1.087229e-02 9.734288e-01 1.178904e+02
9.735586e-01 1.279822e-02 2.280787e-01 6.621253e+01 -1.021512e-02 9.998697e-01 -1.250241e-02 -2.736082e+00 -2.282089e-01 9.841975e-03 9.735624e-01 1.186942e+02
