9.999808e-01 -1.375534e-03 -6.044870e-03 -1.767978e-02 1.385155e-03 9.999978e-01 1.587683e-03 -3.402014e-02 6.042673e-03 -1.596026e-03 9.999805e-01 1.140498e-01
9.999052e-01 -1.137357e-03 -1.372402e-02 -1.854967e-02 1.161396e-03 9.999978e-01 1.743780e-03 -4.259361e-02 1.372200e-02 -1.759553e-03 9.999043e-01 2.173638e-01
9.998277e-01 -1.207575e-03 -1.852511e-02 -4.863218e-02 1.109475e-03 9.999853e-01 -5.304852e-03 4.309269e-02 1.853124e-02 5.283385e-03 9.998143e-01 4.174732e-01
9.996405e-01 -1.556192e-03 -2.676836e-02 -1.089447e-01 1.366365e-03 9.999738e-01 -7.108273e-03 5.161659e-02 2.677873e-02 7.069142e-03 9.996164e-01 5.442806e-01
9.991905e-01 2.082032e-04 -4.022761e-02 -7.456525e-02 -5.535016e-04 9.999631e-01 -8.572671e-03 3.785024e-02 4.022434e-02 8.587997e-03 9.991538e-01 6.695705e-01
9.985444e-01 -3.851907e-04 -5.393485e-02 -9.323030e-02 -1.447653e-04 9.999518e-01 -9.821605e-03 3.882918e-02 5.393603e-02 9.815116e-03 9.984962e-01 8.016494e-01
9.973944e-01 -1.398009e-04 -7.214087e-02 -8.873435e-02 -5.453821e-04 9.999549e-01 -9.478062e-03 3.082492e-02 7.213895e-02 9.492711e-03 9.973494e-01 9.397644e-01
9.958499e-01 -2.222351e-03 -9.098368e-02 -1.169686e-01 1.257930e-03 9.999424e-01 -1.065591e-02 3.923492e-02 9.100213e-02 1.049723e-02 9.957954e-01 1.100995e+00
9.938956e-01 -4.616953e-03 -1.102279e-01 -1.645662e-01 3.490199e-03 9.999397e-01 -1.041280e-02 2.950753e-02 1.102694e-01 9.964518e-03 9.938518e-01 1.243536e+00
9.911908e-01 -4.496467e-03 -1.323654e-01 -2.109107e-01 3.231281e-03 9.999470e-01 -9.771533e-03 1.150289e-02 1.324023e-01 9.257744e-03 9.911528e-01 1.417214e+00
9.876334e-01 -1.579127e-04 -1.567809e-01 -2.588535e-01 -1.456369e-03 9.999471e-01 -1.018149e-02 -9.164242e-04 1.567742e-01 1.028391e-02 9.875809e-01 1.582484e+00
9.833216e-01 4.485129e-03 -1.818200e-01 -3.361521e-01 -6.654746e-03 9.999137e-01 -1.132447e-02 1.671067e-03 1.817535e-01 1.234556e-02 9.832666e-01 1.757703e+00
9.780534e-01 6.935520e-03 -2.082391e-01 -4.212658e-01 -9.421884e-03 9.998957e-01 -1.095044e-02 -2.037674e-02 2.081414e-01 1.267212e-02 9.780167e-01 1.934523e+00
9.714092e-01 7.722948e-03 -2.372857e-01 -5.051551e-01 -1.050633e-02 9.998900e-01 -1.046774e-02 -3.549008e-02 2.371788e-01 1.266146e-02 9.713835e-01 2.126455e+00
9.634066e-01 1.013335e-02 -2.678528e-01 -5.844619e-01 -1.347276e-02 9.998527e-01 -1.063231e-02 -2.872130e-02 2.677056e-01 1.385195e-02 9.634012e-01 2.303743e+00
9.541019e-01 1.170800e-02 -2.992531e-01 -6.906724e-01 -1.510541e-02 9.998450e-01 -9.042222e-03 -4.146190e-02 2.991009e-01 1.314754e-02 9.541309e-01 2.501874e+00
9.428761e-01 1.336800e-02 -3.328752e-01 -8.073875e-01 -1.728061e-02 9.998120e-01 -8.796040e-03 -3.196349e-02 3.326950e-01 1.404586e-02 9.429299e-01 2.726953e+00
9.303821e-01 1.543602e-02 -3.662661e-01 -9.217553e-01 -1.961235e-02 9.997781e-01 -7.683973e-03 -4.612468e-02 3.660662e-01 1.433237e-02 9.304784e-01 2.929060e+00
9.167927e-01 1.845779e-02 -3.989366e-01 -1.060151e+00 -2.277995e-02 9.997219e-01 -6.095793e-03 -5.552775e-02 3.987132e-01 1.467634e-02 9.169582e-01 3.127621e+00
9.011333e-01 1.899961e-02 -4.331255e-01 -1.216945e+00 -2.408106e-02 9.996905e-01 -6.248802e-03 -5.235649e-02 4.328727e-01 1.606112e-02 9.013119e-01 3.343721e+00
8.827779e-01 1.380782e-02 -4.695877e-01 -1.360068e+00 -2.109006e-02 9.997250e-01 -1.025116e-02 -5.703318e-02 4.693170e-01 1.895313e-02 8.828263e-01 3.569736e+00
8.616114e-01 8.131973e-03 -5.075033e-01 -1.560067e+00 -1.960918e-02 9.996585e-01 -1.727339e-02 -1.254149e-02 5.071895e-01 2.483467e-02 8.614766e-01 3.831497e+00
8.378410e-01 7.458680e-03 -5.458634e-01 -1.800583e+00 -1.857843e-02 9.997170e-01 -1.485574e-02 -2.585397e-02 5.455981e-01 2.258803e-02 8.377425e-01 4.059202e+00
8.089880e-01 1.188768e-02 -5.877049e-01 -2.028448e+00 -2.247842e-02 9.996898e-01 -1.072099e-02 -2.016024e-02 5.873952e-01 2.188383e-02 8.090043e-01 4.260133e+00
7.763738e-01 1.408560e-02 -6.301153e-01 -2.273728e+00 -2.493826e-02 9.996539e-01 -8.380519e-03 -2.809748e-02 6.297791e-01 2.222040e-02 7.764564e-01 4.477805e+00
7.417066e-01 1.217417e-02 -6.706140e-01 -2.554976e+00 -2.589752e-02 9.996095e-01 -1.049627e-02 -1.455875e-02 6.702244e-01 2.515239e-02 7.417322e-01 4.666575e+00
7.027196e-01 5.058137e-03 -7.114489e-01 -2.802763e+00 -2.277829e-02 9.996220e-01 -1.539186e-02 -3.066063e-03 7.111022e-01 2.702175e-02 7.025692e-01 4.840066e+00
6.603687e-01 -1.544722e-03 -7.509399e-01 -3.064542e+00 -2.004122e-02 9.996054e-01 -1.968028e-02 -5.300418e-03 7.506741e-01 2.804599e-02 6.600772e-01 5.024991e+00
6.177973e-01 -3.944198e-03 -7.863275e-01 -3.393680e+00 -2.001688e-02 9.995845e-01 -2.074064e-02 5.641461e-03 7.860826e-01 2.855334e-02 6.174616e-01 5.167665e+00
5.695744e-01 -7.492513e-03 -8.219056e-01 -3.694771e+00 -1.857190e-02 9.995858e-01 -2.198244e-02 1.949327e-02 8.217299e-01 2.778498e-02 5.691994e-01 5.335353e+00
5.200364e-01 -1.066552e-02 -8.540775e-01 -4.039274e+00 -2.103161e-02 9.994590e-01 -2.528688e-02 7.304912e-02 8.538851e-01 3.111272e-02 5.195308e-01 5.465650e+00
4.675901e-01 -1.217863e-02 -8.838615e-01 -4.410700e+00 -1.975811e-02 9.995113e-01 -2.422480e-02 5.919876e-02 8.837246e-01 2.879071e-02 4.671210e-01 5.594014e+00
4.129140e-01 -1.369223e-02 -9.106671e-01 -4.813694e+00 -1.854251e-02 9.995534e-01 -2.343620e-02 6.160999e-02 9.105812e-01 2.656319e-02 4.124757e-01 5.721350e+00
3.576630e-01 -1.521755e-02 -9.337267e-01 -5.170546e+00 -1.690402e-02 9.995979e-01 -2.276616e-02 5.408629e-02 9.336977e-01 2.392635e-02 3.572619e-01 5.814699e+00
3.054184e-01 -1.626765e-02 -9.520793e-01 -5.601953e+00 -1.458972e-02 9.996567e-01 -2.176083e-02 4.967415e-02 9.521065e-01 2.053673e-02 3.050762e-01 5.868608e+00
2.512167e-01 -2.433799e-02 -9.676249e-01 -6.012132e+00 -8.747466e-03 9.995859e-01 -2.741292e-02 1.663957e-02 9.678914e-01 1.535085e-02 2.508997e-01 5.961385e+00
2.019508e-01 -2.590664e-02 -9.790530e-01 -6.534680e+00 -8.082823e-03 9.995720e-01 -2.811685e-02 -4.150176e-03 9.793623e-01 1.359173e-02 2.016550e-01 5.977632e+00
1.540396e-01 -2.308417e-02 -9.877950e-01 -6.962309e+00 -1.044784e-02 9.996331e-01 -2.499009e-02 2.127531e-02 9.880094e-01 1.416979e-02 1.537419e-01 6.012410e+00
1.110544e-01 -2.062342e-02 -9.936003e-01 -7.429285e+00 -1.119241e-02 9.996953e-01 -2.200090e-02 7.773170e-03 9.937513e-01 1.356408e-02 1.107897e-01 6.041311e+00
7.343044e-02 -1.889516e-02 -9.971213e-01 -7.877384e+00 -1.342333e-02 9.997112e-01 -1.993276e-02 2.158701e-03 9.972100e-01 1.484836e-02 7.315559e-02 6.032813e+00
3.856705e-02 -1.992554e-02 -9.990573e-01 -8.351328e+00 -1.610765e-02 9.996589e-01 -2.055935e-02 -1.253766e-02 9.991262e-01 1.688538e-02 3.823294e-02 6.032691e+00
7.461719e-03 -2.016808e-02 -9.997688e-01 -8.832358e+00 -1.904740e-02 9.996123e-01 -2.030709e-02 -2.356135e-02 9.997907e-01 1.919452e-02 7.074676e-03 6.003278e+00
-1.951432e-02 -2.049352e-02 -9.995995e-01 -9.324971e+00 -2.058740e-02 9.995862e-01 -2.009134e-02 -4.900017e-02 9.995976e-01 2.018708e-02 -1.992815e-02 5.978990e+00
-4.030194e-02 -2.018842e-02 -9.989836e-01 -9.804945e+00 -2.315029e-02 9.995463e-01 -1.926584e-02 -5.219091e-02 9.989193e-01 2.235031e-02 -4.075102e-02 5.942563e+00
-5.730287e-02 -2.030292e-02 -9.981504e-01 -1.028519e+01 -2.264150e-02 9.995625e-01 -1.903182e-02 -9.277316e-02 9.981001e-01 2.150904e-02 -5.773749e-02 5.919980e+00
-7.082703e-02 -2.207608e-02 -9.972443e-01 -1.082415e+01 -2.260332e-02 9.995339e-01 -2.052141e-02 -1.016791e-01 9.972325e-01 2.108756e-02 -7.129301e-02 5.879526e+00
-8.012795e-02 -2.089318e-02 -9.965656e-01 -1.139503e+01 -2.123785e-02 9.995891e-01 -1.924895e-02 -1.193119e-01 9.965583e-01 1.962253e-02 -8.053875e-02 5.811433e+00
-8.785641e-02 -1.871731e-02 -9.959573e-01 -1.197218e+01 -2.082900e-02 9.996394e-01 -1.694912e-02 -1.140660e-01 9.959154e-01 1.925570e-02 -8.821459e-02 5.770520e+00
-9.268510e-02 -1.922949e-02 -9.955098e-01 -1.255781e+01 -1.970640e-02 9.996531e-01 -1.747480e-02 -1.298821e-01 9.955004e-01 1.799826e-02 -9.303189e-02 5.716239e+00
-9.433564e-02 -2.170480e-02 -9.953038e-01 -1.316973e+01 -1.945619e-02 9.996116e-01 -1.995466e-02 -1.420163e-01 9.953503e-01 1.748238e-02 -9.472129e-02 5.658430e+00
-9.381089e-02 -2.388772e-02 -9.953034e-01 -1.379176e+01 -1.742678e-02 9.995984e-01 -2.234826e-02 -1.643294e-01 9.954375e-01 1.524842e-02 -9.418950e-02 5.610364e+00
-9.252566e-02 -2.347295e-02 -9.954336e-01 -1.443164e+01 -1.346342e-02 9.996602e-01 -2.232119e-02 -2.204556e-01 9.956193e-01 1.133665e-02 -9.281024e-02 5.544201e+00
-9.134915e-02 -2.136400e-02 -9.955897e-01 -1.508931e+01 -1.342594e-02 9.997054e-01 -2.022043e-02 -2.429736e-01 9.957284e-01 1.151961e-02 -9.160907e-02 5.488579e+00
-9.058923e-02 -1.890343e-02 -9.957089e-01 -1.576897e+01 -1.587241e-02 9.997202e-01 -1.753552e-02 -2.578537e-01 9.957618e-01 1.421577e-02 -9.086393e-02 5.439002e+00
-9.036891e-02 -1.912522e-02 -9.957247e-01 -1.645831e+01 -1.703511e-02 9.996990e-01 -1.765550e-02 -2.588620e-01 9.957627e-01 1.536677e-02 -9.066751e-02 5.392992e+00
-9.141138e-02 -1.978391e-02 -9.956167e-01 -1.716384e+01 -1.418471e-02 9.997271e-01 -1.856323e-02 -2.798454e-01 9.957122e-01 1.242564e-02 -9.166706e-02 5.377791e+00
-8.980319e-02 -1.903534e-02 -9.957776e-01 -1.789396e+01 -1.059797e-02 9.997790e-01 -1.815606e-02 -3.018570e-01 9.959031e-01 8.922745e-03 -8.998508e-02 5.311761e+00
-8.899540e-02 -1.843080e-02 -9.958615e-01 -1.863736e+01 -7.933378e-03 9.998102e-01 -1.779491e-02 -3.350912e-01 9.960004e-01 6.316880e-03 -8.912472e-02 5.260116e+00
-8.694230e-02 -1.690300e-02 -9.960699e-01 -1.938375e+01 -8.330215e-03 9.998334e-01 -1.623976e-02 -3.585545e-01 9.961785e-01 6.885554e-03 -8.706862e-02 5.183532e+00
-8.500791e-02 -1.462340e-02 -9.962730e-01 -2.013617e+01 -1.146647e-02 9.998404e-01 -1.369737e-02 -3.735497e-01 9.963143e-01 1.025935e-02 -8.516202e-02 5.106262e+00
-8.300133e-02 -1.397927e-02 -9.964514e-01 -2.083476e+01 -1.179249e-02 9.998454e-01 -1.304461e-02 -4.104283e-01 9.964797e-01 1.066792e-02 -8.315334e-02 4.998226e+00
-8.081651e-02 -1.686423e-02 -9.965863e-01 -2.156803e+01 -9.927690e-03 9.998209e-01 -1.611389e-02 -4.246462e-01 9.966796e-01 8.591532e-03 -8.096946e-02 4.876227e+00
-8.019641e-02 -2.053634e-02 -9.965675e-01 -2.239053e+01 -8.743467e-03 9.997638e-01 -1.989859e-02 -4.427869e-01 9.967407e-01 7.117660e-03 -8.035702e-02 4.817557e+00
-7.886210e-02 -2.112437e-02 -9.966617e-01 -2.321232e+01 -6.894305e-03 9.997631e-01 -2.064459e-02 -4.772214e-01 9.968617e-01 5.243214e-03 -7.898905e-02 4.743821e+00
-7.768217e-02 -2.543812e-02 -9.966536e-01 -2.381542e+01 -1.155614e-02 9.996303e-01 -2.461337e-02 -5.434820e-01 9.969112e-01 9.605451e-03 -7.794742e-02 4.591450e+00
-7.694404e-02 -2.724075e-02 -9.966632e-01 -2.461665e+01 -1.901546e-02 9.994850e-01 -2.584985e-02 -5.742412e-01 9.968541e-01 1.696302e-02 -7.742241e-02 4.520104e+00
-7.646144e-02 -3.473728e-02 -9.964672e-01 -2.502774e+01 -2.305057e-02 9.991874e-01 -3.306338e-02 -6.785390e-01 9.968061e-01 2.044106e-02 -7.720003e-02 4.382190e+00
-7.635371e-02 -3.541258e-02 -9.964517e-01 -2.592718e+01 -2.320868e-02 9.991615e-01 -3.373050e-02 -6.994327e-01 9.968106e-01 2.055088e-02 -7.711157e-02 4.281703e+00
-7.592524e-02 -3.760502e-02 -9.964041e-01 -2.673219e+01 -1.505342e-02 9.992179e-01 -3.656416e-02 -7.895309e-01 9.969999e-01 1.222315e-02 -7.643194e-02 4.150668e+00
-7.514101e-02 -3.810368e-02 -9.964446e-01 -2.760819e+01 -7.361059e-03 9.992636e-01 -3.765639e-02 -8.841045e-01 9.971457e-01 4.505349e-03 -7.536616e-02 3.990525e+00
-7.243856e-02 -3.474576e-02 -9.967675e-01 -2.819052e+01 -3.826901e-03 9.993953e-01 -3.455925e-02 -7.442670e-01 9.973655e-01 1.311108e-03 -7.252772e-02 3.708674e+00
-7.248280e-02 -3.279163e-02 -9.968305e-01 -2.902407e+01 -3.224933e-03 9.994618e-01 -3.264369e-02 -7.811803e-01 9.973644e-01 8.486053e-04 -7.254955e-02 3.637754e+00
-7.192805e-02 -3.118692e-02 -9.969221e-01 -2.970573e+01 -6.447132e-03 9.995047e-01 -3.080255e-02 -8.224992e-01 9.973890e-01 4.211721e-03 -7.209349e-02 3.504968e+00
-7.185145e-02 -2.888604e-02 -9.969970e-01 -3.064342e+01 -7.322095e-03 9.995689e-01 -2.843287e-02 -9.958165e-01 9.973885e-01 5.257163e-03 -7.203198e-02 3.407404e+00
-7.220033e-02 -2.690973e-02 -9.970271e-01 -3.147028e+01 -5.573113e-03 9.996312e-01 -2.657644e-02 -1.038844e+00 9.973746e-01 3.637718e-03 -7.232367e-02 3.343100e+00
-7.250475e-02 -2.564624e-02 -9.970383e-01 -3.229144e+01 -2.842980e-03 9.996706e-01 -2.550721e-02 -1.081725e+00 9.973640e-01 9.851660e-04 -7.255378e-02 3.287619e+00
-7.274418e-02 -2.512184e-02 -9.970342e-01 -3.310439e+01 -4.361844e-03 9.996812e-01 -2.487030e-02 -1.124021e+00 9.973411e-01 2.539738e-03 -7.283056e-02 3.230108e+00
-7.296411e-02 -2.431075e-02 -9.970382e-01 -3.422836e+01 -9.148932e-03 9.996771e-01 -2.370556e-02 -1.251529e+00 9.972926e-01 7.392180e-03 -7.316297e-02 3.213764e+00
-7.289593e-02 -2.277220e-02 -9.970795e-01 -3.506316e+01 -1.293272e-02 9.996768e-01 -2.188602e-02 -1.288035e+00 9.972557e-01 1.129955e-02 -7.316687e-02 3.144422e+00
-7.209246e-02 -2.317347e-02 -9.971287e-01 -3.589403e+01 -1.218138e-02 9.996759e-01 -2.235195e-02 -1.317728e+00 9.973236e-01 1.053499e-02 -7.235138e-02 3.071406e+00
-6.945763e-02 -2.521177e-02 -9.972663e-01 -3.670302e+01 -9.009922e-03 9.996557e-01 -2.464466e-02 -1.399175e+00 9.975442e-01 7.273532e-03 -6.966087e-02 2.839814e+00
-6.873760e-02 -2.547029e-02 -9.973096e-01 -3.755381e+01 -3.757177e-03 9.996736e-01 -2.527171e-02 -1.443107e+00 9.976277e-01 2.009952e-03 -6.881086e-02 2.761895e+00
-6.817124e-02 -2.654411e-02 -9.973205e-01 -3.839673e+01 1.671337e-03 9.996416e-01 -2.672013e-02 -1.479848e+00 9.976722e-01 -3.488403e-03 -6.810244e-02 2.697960e+00
-6.864043e-02 -2.640441e-02 -9.972920e-01 -3.924958e+01 4.823498e-03 9.996292e-01 -2.679827e-02 -1.520169e+00 9.976298e-01 -6.649880e-03 -6.848762e-02 2.645220e+00
-6.792805e-02 -2.699065e-02 -9.973251e-01 -4.008002e+01 4.718365e-03 9.996141e-01 -2.737396e-02 -1.560787e+00 9.976791e-01 -6.565204e-03 -6.777448e-02 2.575602e+00
-6.833936e-02 -2.857080e-02 -9.972529e-01 -4.089501e+01 9.618301e-04 9.995875e-01 -2.870360e-02 -1.637337e+00 9.976617e-01 -2.920774e-03 -6.828369e-02 2.527974e+00
-6.788986e-02 -2.742696e-02 -9.973158e-01 -4.172312e+01 -3.125393e-03 9.996230e-01 -2.727766e-02 -1.677360e+00 9.976879e-01 1.265127e-03 -6.794998e-02 2.462978e+00
-6.818813e-02 -2.612876e-02 -9.973303e-01 -4.244958e+01 -4.581885e-03 9.996546e-01 -2.587639e-02 -1.759353e+00 9.976620e-01 2.805190e-03 -6.828430e-02 2.411518e+00
-6.801809e-02 -2.329744e-02 -9.974120e-01 -4.327772e+01 -5.966994e-03 9.997189e-01 -2.294441e-02 -1.793797e+00 9.976662e-01 4.390916e-03 -6.813799e-02 2.327304e+00
-6.868856e-02 -2.506938e-02 -9.973231e-01 -4.409935e+01 -7.822712e-03 9.996670e-01 -2.458953e-02 -1.832466e+00 9.976075e-01 6.112753e-03 -6.886180e-02 2.261665e+00
-6.994225e-02 -2.879710e-02 -9.971353e-01 -4.491671e+01 -1.259920e-02 9.995290e-01 -2.798248e-02 -1.858708e+00 9.974715e-01 1.060595e-02 -7.027213e-02 2.196966e+00
-7.075905e-02 -3.292447e-02 -9.969499e-01 -4.573574e+01 -1.465565e-02 9.993815e-01 -3.196459e-02 -1.891589e+00 9.973858e-01 1.234916e-02 -7.119781e-02 2.135766e+00
-7.184460e-02 -3.565522e-02 -9.967783e-01 -4.652729e+01 -1.054026e-02 9.993322e-01 -3.498687e-02 -1.981212e+00 9.973601e-01 7.992689e-03 -7.217243e-02 2.005445e+00
-7.377354e-02 -3.725667e-02 -9.965789e-01 -4.735262e+01 -4.522125e-03 9.993042e-01 -3.702379e-02 -2.015630e+00 9.972648e-01 1.775277e-03 -7.389069e-02 1.943742e+00
-7.469863e-02 -4.168360e-02 -9.963346e-01 -4.807733e+01 -5.698401e-04 9.991276e-01 -4.175773e-02 -2.099840e+00 9.972060e-01 -2.551494e-03 -7.465721e-02 1.802672e+00
-7.553703e-02 -4.094323e-02 -9.963021e-01 -4.878229e+01 -5.169965e-04 9.991581e-01 -4.102140e-02 -2.186728e+00 9.971429e-01 -2.583550e-03 -7.549460e-02 1.694632e+00
-7.615424e-02 -3.743385e-02 -9.963931e-01 -4.956435e+01 -3.792493e-03 9.992987e-01 -3.725315e-02 -2.239567e+00 9.970888e-01 9.418285e-04 -7.624280e-02 1.611078e+00
-7.606054e-02 -3.252613e-02 -9.965725e-01 -5.043355e+01 -6.120052e-03 9.994642e-01 -3.215341e-02 -2.325637e+00 9.970844e-01 3.653470e-03 -7.621885e-02 1.469286e+00
-7.707140e-02 -2.824305e-02 -9.966255e-01 -5.123752e+01 -6.883142e-03 9.995900e-01 -2.779477e-02 -2.367890e+00 9.970018e-01 4.717733e-03 -7.723420e-02 1.391279e+00
-7.795462e-02 -2.657840e-02 -9.966026e-01 -5.203518e+01 -5.100501e-03 9.996421e-01 -2.626050e-02 -2.421640e+00 9.969439e-01 3.036045e-03 -7.806229e-02 1.311563e+00
-7.906101e-02 -2.726959e-02 -9.964967e-01 -5.280891e+01 -3.592099e-03 9.996271e-01 -2.707026e-02 -2.464854e+00 9.968633e-01 1.439312e-03 -7.912948e-02 1.242416e+00
-7.991583e-02 -2.567656e-02 -9.964709e-01 -5.360455e+01 -3.421382e-03 9.996694e-01 -2.548459e-02 -2.512614e+00 9.967957e-01 1.372686e-03 -7.997725e-02 1.169495e+00
-7.928222e-02 -2.528464e-02 -9.965315e-01 -5.436669e+01 -3.118576e-03 9.996797e-01 -2.511641e-02 -2.560998e+00 9.968473e-01 1.116475e-03 -7.933567e-02 1.034939e+00
-7.799962e-02 -2.720785e-02 -9.965821e-01 -5.507351e+01 -1.203966e-03 9.996294e-01 -2.719681e-02 -2.601666e+00 9.969527e-01 -9.214902e-04 -7.800347e-02 8.537320e-01
-7.790017e-02 -2.905250e-02 -9.965378e-01 -5.575149e+01 2.485576e-03 9.995665e-01 -2.933510e-02 -2.666950e+00 9.969581e-01 -4.762179e-03 -7.779420e-02 7.572259e-01
-7.417373e-02 -3.410041e-02 -9.966621e-01 -5.636070e+01 8.076189e-03 9.993619e-01 -3.479383e-02 -2.784168e+00 9.972126e-01 -1.063002e-02 -7.385100e-02 4.541676e-01
-7.451331e-02 -3.347083e-02 -9.966582e-01 -5.713335e+01 1.012523e-02 9.993597e-01 -3.431855e-02 -2.825624e+00 9.971686e-01 -1.264858e-02 -7.412669e-02 3.882578e-01
-7.548931e-02 -3.415180e-02 -9.965616e-01 -5.789911e+01 1.025279e-02 9.993339e-01 -3.502345e-02 -2.880146e+00 9.970939e-01 -1.286144e-02 -7.508887e-02 3.347279e-01
-7.678159e-02 -3.423061e-02 -9.964602e-01 -5.867755e+01 7.305727e-03 9.993643e-01 -3.489331e-02 -2.888985e+00 9.970212e-01 -9.959030e-03 -7.648270e-02 3.231789e-01
-7.722136e-02 -3.469995e-02 -9.964099e-01 -5.939605e+01 3.898186e-03 9.993760e-01 -3.510535e-02 -2.937978e+00 9.970064e-01 -6.595073e-03 -7.703791e-02 2.617542e-01
-7.712984e-02 -3.609228e-02 -9.963676e-01 -6.008355e+01 1.823429e-03 9.993378e-01 -3.634102e-02 -3.016159e+00 9.970194e-01 -4.619783e-03 -7.701295e-02 1.947307e-01
-7.582788e-02 -3.486797e-02 -9.965111e-01 -6.081582e+01 -6.040137e-04 9.993898e-01 -3.492274e-02 -3.044589e+00 9.971207e-01 -2.046211e-03 -7.580268e-02 1.347521e-01
-7.352376e-02 -3.288497e-02 -9.967511e-01 -6.152346e+01 -9.863024e-04 9.994581e-01 -3.290153e-02 -3.082770e+00 9.972930e-01 -1.435946e-03 -7.351635e-02 7.847355e-02
-6.949683e-02 -3.263776e-02 -9.970481e-01 -6.223543e+01 -7.412331e-05 9.994648e-01 -3.271171e-02 -3.122009e+00 9.975822e-01 -2.199456e-03 -6.946206e-02 3.012700e-02
-6.423784e-02 -3.389613e-02 -9.973588e-01 -6.298458e+01 3.560573e-03 9.994088e-01 -3.419513e-02 -3.280505e+00 9.979283e-01 -5.747790e-03 -6.407917e-02 2.148140e-02
-5.765529e-02 -3.610582e-02 -9.976834e-01 -6.365983e+01 4.866232e-03 9.993238e-01 -3.644640e-02 -3.326856e+00 9.983247e-01 -6.956287e-03 -5.744060e-02 4.746633e-03
-4.879819e-02 -3.624990e-02 -9.981506e-01 -6.429603e+01 6.332462e-03 9.993099e-01 -3.660159e-02 -3.372363e+00 9.987886e-01 -8.106843e-03 -4.853497e-02 -3.073273e-02
-3.686504e-02 -3.485677e-02 -9.987122e-01 -6.491118e+01 8.162148e-03 9.993477e-01 -3.518023e-02 -3.410396e+00 9.992869e-01 -9.448557e-03 -3.655648e-02 -5.872458e-02
-2.212695e-02 -3.242410e-02 -9.992292e-01 -6.552058e+01 9.787583e-03 9.994190e-01 -3.264700e-02 -3.445011e+00 9.997073e-01 -1.050242e-02 -2.179674e-02 -6.930248e-02
-3.449042e-03 -3.169093e-02 -9.994918e-01 -6.610775e+01 1.104083e-02 9.994356e-01 -3.172725e-02 -3.476383e+00 9.999331e-01 -1.114465e-02 -3.097201e-03 -7.331660e-02
1.852111e-02 -3.198927e-02 -9.993166e-01 -6.667671e+01 1.160964e-02 9.994275e-01 -3.177765e-02 -3.503002e+00 9.997611e-01 -1.101315e-02 1.888189e-02 -5.284479e-02
4.383842e-02 -3.385700e-02 -9.984648e-01 -6.722020e+01 1.197048e-02 9.993716e-01 -3.336217e-02 -3.531600e+00 9.989669e-01 -1.048955e-02 4.421616e-02 -1.311422e-02
7.260181e-02 -3.655945e-02 -9.966907e-01 -6.774519e+01 1.175326e-02 9.992899e-01 -3.579865e-02 -3.557988e+00 9.972918e-01 -9.115319e-03 7.297995e-02 5.101209e-02
1.070190e-01 -3.878979e-02 -9.935000e-01 -6.825342e+01 1.177375e-02 9.992180e-01 -3.774479e-02 -3.583210e+00 9.941873e-01 -7.657816e-03 1.073920e-01 1.183707e-01
1.450492e-01 -4.089232e-02 -9.885790e-01 -6.872945e+01 1.218008e-02 9.991437e-01 -3.954220e-02 -3.605301e+00 9.893495e-01 -6.305410e-03 1.454231e-01 1.992339e-01
1.857711e-01 -4.246037e-02 -9.816752e-01 -6.918852e+01 1.242099e-02 9.990876e-01 -4.086298e-02 -3.636644e+00 9.825145e-01 -4.602212e-03 1.861290e-01 3.100572e-01
2.305475e-01 -4.509396e-02 -9.720156e-01 -6.963699e+01 1.415404e-02 9.989753e-01 -4.298755e-02 -3.663391e+00 9.729581e-01 -3.847280e-03 2.309495e-01 4.431823e-01
2.781805e-01 -5.027452e-02 -9.592122e-01 -7.005960e+01 1.507951e-02 9.987348e-01 -4.797279e-02 -3.691508e+00 9.604104e-01 -1.119358e-03 2.785866e-01 6.014971e-01
3.277702e-01 -5.987084e-02 -9.428585e-01 -7.049086e+01 1.656984e-02 9.982008e-01 -5.762478e-02 -3.742019e+00 9.446122e-01 3.264675e-03 3.281725e-01 7.908507e-01
3.782000e-01 -6.673385e-02 -9.233154e-01 -7.092580e+01 1.590330e-02 9.977194e-01 -6.559734e-02 -3.783440e+00 9.255873e-01 1.012515e-02 3.783988e-01 1.013568e+00
4.311165e-01 -7.155999e-02 -8.994541e-01 -7.134319e+01 1.562994e-02 9.972928e-01 -7.185240e-02 -3.812958e+00 9.021609e-01 1.691834e-02 4.310679e-01 1.225336e+00
4.821676e-01 -7.202001e-02 -8.731137e-01 -7.173125e+01 1.566182e-02 9.971646e-01 -7.360346e-02 -3.845835e+00 8.759390e-01 2.181465e-02 4.819284e-01 1.456495e+00
5.298780e-01 -7.355659e-02 -8.448779e-01 -7.209922e+01 1.794114e-02 9.969808e-01 -7.554688e-02 -3.898254e+00 8.478841e-01 2.487255e-02 5.295979e-01 1.716650e+00
5.741602e-01 -8.130259e-02 -8.146963e-01 -7.243810e+01 2.360259e-02 9.962874e-01 -8.279046e-02 -3.938738e+00 8.184027e-01 2.830604e-02 5.739475e-01 2.004193e+00
6.168656e-01 -9.156908e-02 -7.817237e-01 -7.275623e+01 3.108771e-02 9.952688e-01 -9.205160e-02 -3.980490e+00 7.864543e-01 3.248146e-02 6.167938e-01 2.325503e+00
6.579695e-01 -9.137262e-02 -7.474806e-01 -7.303746e+01 2.867909e-02 9.949317e-01 -9.637649e-02 -4.001152e+00 7.524983e-01 4.197573e-02 6.572552e-01 2.667795e+00
7.160372e-01 -8.801153e-02 -6.924917e-01 -7.406866e+01 2.886326e-02 9.949045e-01 -9.660175e-02 -4.423570e+00 6.974651e-01 4.918287e-02 7.149290e-01 2.200871e+00
7.547426e-01 -8.172729e-02 -6.509103e-01 -7.431764e+01 1.858628e-02 9.944752e-01 -1.033136e-01 -4.474431e+00 6.557577e-01 6.587719e-02 7.520918e-01 2.530765e+00
7.924420e-01 -7.162251e-02 -6.057275e-01 -7.458351e+01 8.164329e-03 9.942384e-01 -1.068799e-01 -4.509531e+00 6.098926e-01 7.975076e-02 7.884611e-01 2.894613e+00
8.272357e-01 -6.438716e-02 -5.581536e-01 -7.480357e+01 4.497591e-03 9.941390e-01 -1.080155e-01 -4.561827e+00 5.618371e-01 8.684390e-02 8.226769e-01 3.254795e+00
8.586969e-01 -5.862092e-02 -5.091201e-01 -7.499789e+01 2.634761e-03 9.939282e-01 -1.099987e-01 -4.607597e+00 5.124770e-01 9.311411e-02 8.536375e-01 3.664207e+00
8.871372e-01 -4.915516e-02 -4.588805e-01 -7.521996e+01 -2.084883e-03 9.938746e-01 -1.104942e-01 -4.669347e+00 4.615010e-01 9.898024e-02 8.816006e-01 4.132414e+00
9.106719e-01 -4.271096e-02 -4.109165e-01 -7.536082e+01 -3.304066e-03 9.938568e-01 -1.106246e-01 -4.652789e+00 4.131170e-01 1.021005e-01 9.049364e-01 4.590810e+00
9.298118e-01 -3.254309e-02 -3.665938e-01 -7.555783e+01 -4.972437e-03 9.948812e-01 -1.009290e-01 -4.999702e+00 3.680018e-01 9.566782e-02 9.248905e-01 5.089743e+00
9.454418e-01 -2.297745e-02 -3.249798e-01 -7.572101e+01 -1.045121e-02 9.948573e-01 -1.007456e-01 -5.059530e+00 3.256234e-01 9.864557e-02 9.403395e-01 5.616758e+00
9.574362e-01 -1.573003e-02 -2.882162e-01 -7.588718e+01 -1.412434e-02 9.947647e-01 -1.012116e-01 -4.984148e+00 2.882994e-01 1.009745e-01 9.522015e-01 6.171024e+00
9.661752e-01 -1.245362e-02 -2.575858e-01 -7.603025e+01 -1.370086e-02 9.949439e-01 -9.949336e-02 -5.043788e+00 2.575225e-01 9.965716e-02 9.611195e-01 6.736828e+00
9.724531e-01 -1.109164e-02 -2.328347e-01 -7.615646e+01 -1.230357e-02 9.950325e-01 -9.878764e-02 -5.097457e+00 2.327738e-01 9.893104e-02 9.674859e-01 7.331273e+00
9.773189e-01 -8.703933e-03 -2.115940e-01 -7.627268e+01 -1.197223e-02 9.952863e-01 -9.623898e-02 -5.172099e+00 2.114343e-01 9.658943e-02 9.726078e-01 7.922165e+00
9.812314e-01 -4.796475e-03 -1.927741e-01 -7.640164e+01 -1.337551e-02 9.955899e-01 -9.285371e-02 -5.241323e+00 1.923693e-01 9.368943e-02 9.768400e-01 8.508336e+00
9.840102e-01 1.415767e-03 -1.781064e-01 -7.650451e+01 -1.785178e-02 9.957170e-01 -9.071340e-02 -5.295452e+00 1.772151e-01 9.244243e-02 9.798210e-01 9.142387e+00
9.862691e-01 6.161206e-03 -1.650312e-01 -7.661781e+01 -2.111920e-02 9.958044e-01 -8.903685e-02 -5.357557e+00 1.637903e-01 9.129962e-02 9.822612e-01 9.796608e+00
9.883858e-01 5.799180e-03 -1.518549e-01 -7.670863e+01 -1.950426e-02 9.958480e-01 -8.891796e-02 -5.435546e+00 1.507088e-01 9.084707e-02 9.843951e-01 1.045136e+01
9.904589e-01 6.267407e-03 -1.376655e-01 -7.682089e+01 -1.879362e-02 9.957753e-01 -8.988002e-02 -5.487410e+00 1.365206e-01 9.160970e-02 9.863923e-01 1.117266e+01
9.924734e-01 7.308749e-03 -1.222421e-01 -7.692808e+01 -1.834429e-02 9.958272e-01 -8.939610e-02 -5.550483e+00 1.210787e-01 9.096570e-02 9.884661e-01 1.188229e+01
9.940598e-01 1.070914e-02 -1.083071e-01 -7.700300e+01 -2.036732e-02 9.958710e-01 -8.846523e-02 -5.622961e+00 1.069125e-01 9.014565e-02 9.901735e-01 1.259478e+01
9.953258e-01 1.292894e-02 -9.570446e-02 -7.707241e+01 -2.166451e-02 9.956327e-01 -9.080849e-02 -5.702951e+00 9.411244e-02 9.245742e-02 9.912590e-01 1.332758e+01
9.962774e-01 1.581819e-02 -8.474175e-02 -7.713599e+01 -2.392826e-02 9.951360e-01 -9.556007e-02 -5.787322e+00 8.281799e-02 9.723206e-02 9.918100e-01 1.406861e+01
9.970762e-01 1.570114e-02 -7.478304e-02 -7.720982e+01 -2.333218e-02 9.944811e-01 -1.022889e-01 -5.856626e+00 7.276427e-02 1.037347e-01 9.919398e-01 1.485885e+01
9.976464e-01 1.641621e-02 -6.657487e-02 -7.728365e+01 -2.322178e-02 9.944334e-01 -1.027760e-01 -5.935054e+00 6.451708e-02 1.040801e-01 9.924741e-01 1.567372e+01
9.980741e-01 1.835493e-02 -5.925460e-02 -7.734704e+01 -2.405048e-02 9.950049e-01 -9.688564e-02 -6.013528e+00 5.718029e-02 9.812416e-02 9.935301e-01 1.644040e+01
9.983214e-01 2.232714e-02 -5.344076e-02 -7.742017e+01 -2.701942e-02 9.956868e-01 -8.875667e-02 -6.095258e+00 5.122858e-02 9.005162e-02 9.946187e-01 1.722165e+01
9.985542e-01 2.306916e-02 -4.855213e-02 -7.747445e+01 -2.713908e-02 9.960190e-01 -8.490922e-02 -6.179914e+00 4.640006e-02 8.610412e-02 9.952051e-01 1.800869e+01
9.987510e-01 2.262275e-02 -4.454967e-02 -7.751831e+01 -2.638368e-02 9.959692e-01 -8.572820e-02 -6.262452e+00 4.243069e-02 8.679650e-02 9.953221e-01 1.876502e+01
9.988819e-01 2.282672e-02 -4.140034e-02 -7.755238e+01 -2.634026e-02 9.959114e-01 -8.641038e-02 -6.343946e+00 3.925861e-02 8.740425e-02 9.953990e-01 1.952373e+01
9.990013e-01 2.227102e-02 -3.873548e-02 -7.757803e+01 -2.546710e-02 9.961338e-01 -8.407691e-02 -6.428793e+00 3.671325e-02 8.497942e-02 9.957061e-01 2.030221e+01
9.991354e-01 2.059895e-02 -3.611194e-02 -7.760762e+01 -2.349162e-02 9.963882e-01 -8.160055e-02 -6.512942e+00 3.430062e-02 8.237833e-02 9.960107e-01 2.108305e+01
9.992396e-01 2.393338e-02 -3.078107e-02 -7.798264e+01 -2.679022e-02 9.950185e-01 -9.602294e-02 -6.489568e+00 2.832958e-02 9.677455e-02 9.949031e-01 2.320745e+01
9.991138e-01 2.303827e-02 -3.522687e-02 -7.790530e+01 -2.654390e-02 9.943761e-01 -1.025260e-01 -6.540310e+00 3.266674e-02 1.033702e-01 9.941064e-01 2.394378e+01
9.990782e-01 2.661296e-02 -3.368105e-02 -7.793917e+01 -3.015732e-02 9.935267e-01 -1.095229e-01 -6.632600e+00 3.054829e-02 1.104376e-01 9.934135e-01 2.468641e+01
9.990860e-01 2.759231e-02 -3.264832e-02 -7.794623e+01 -3.123875e-02 9.926361e-01 -1.170372e-01 -6.724521e+00 2.917857e-02 1.179501e-01 9.925907e-01 2.541029e+01
9.991453e-01 2.814461e-02 -3.027397e-02 -7.800538e+01 -3.161672e-02 9.921357e-01 -1.211082e-01 -6.821181e+00 2.662734e-02 1.219619e-01 9.921775e-01 2.615841e+01
9.991526e-01 2.968686e-02 -2.851036e-02 -7.802760e+01 -3.289152e-02 9.922955e-01 -1.194480e-01 -6.924632e+00 2.474467e-02 1.202845e-01 9.924310e-01 2.690299e+01
9.990806e-01 3.402720e-02 -2.607984e-02 -7.806946e+01 -3.681921e-02 9.926412e-01 -1.153594e-01 -7.029963e+00 2.196257e-02 1.162136e-01 9.929814e-01 2.765307e+01
9.989153e-01 4.051730e-02 -2.294671e-02 -7.813264e+01 -4.273423e-02 9.934261e-01 -1.061999e-01 -7.243442e+00 1.849293e-02 1.070653e-01 9.940800e-01 2.836625e+01
9.989570e-01 1.641901e-02 -4.260565e-02 -7.767974e+01 -1.903444e-02 9.979116e-01 -6.172572e-02 -8.305588e+00 4.150320e-02 6.247231e-02 9.971834e-01 2.895510e+01
9.990698e-01 1.316066e-02 -4.106532e-02 -7.771414e+01 -1.568570e-02 9.979662e-01 -6.178485e-02 -8.374287e+00 4.016867e-02 6.237152e-02 9.972443e-01 2.970246e+01
9.990640e-01 1.515833e-02 -4.051319e-02 -7.772383e+01 -1.788266e-02 9.975419e-01 -6.775201e-02 -8.332244e+00 3.938660e-02 6.841308e-02 9.968793e-01 3.050246e+01
9.991324e-01 1.522798e-02 -3.876236e-02 -7.777040e+01 -1.788569e-02 9.974447e-01 -6.916783e-02 -8.401731e+00 3.761003e-02 6.980112e-02 9.968517e-01 3.124735e+01
9.991822e-01 1.335242e-02 -3.816685e-02 -7.779584e+01 -1.601884e-02 9.973879e-01 -7.043261e-02 -8.470084e+00 3.712671e-02 7.098640e-02 9.967861e-01 3.201099e+01
9.992576e-01 1.229475e-02 -3.651116e-02 -7.784705e+01 -1.482412e-02 9.974484e-01 -6.983441e-02 -8.543885e+00 3.555940e-02 7.032381e-02 9.968902e-01 3.275485e+01
9.992428e-01 1.587586e-02 -3.552289e-02 -7.789009e+01 -1.830301e-02 9.974433e-01 -6.907882e-02 -8.599684e+00 3.433539e-02 6.967669e-02 9.969786e-01 3.352444e+01
9.992405e-01 1.603683e-02 -3.551309e-02 -7.792482e+01 -1.848570e-02 9.973940e-01 -6.973834e-02 -8.666199e+00 3.430216e-02 7.034186e-02 9.969330e-01 3.428387e+01
9.991958e-01 1.519420e-02 -3.710547e-02 -7.796017e+01 -1.777418e-02 9.973730e-01 -7.022167e-02 -8.723911e+00 3.594104e-02 7.082472e-02 9.968411e-01 3.504763e+01
9.991508e-01 1.285737e-02 -3.914585e-02 -7.800101e+01 -1.556708e-02 9.974450e-01 -6.972233e-02 -8.791439e+00 3.814939e-02 7.027251e-02 9.967981e-01 3.584311e+01
9.990226e-01 1.461317e-02 -4.171808e-02 -7.805435e+01 -1.750848e-02 9.974002e-01 -6.990224e-02 -8.855206e+00 4.058813e-02 7.056434e-02 9.966811e-01 3.660498e+01
9.988535e-01 1.634029e-02 -4.499568e-02 -7.808925e+01 -1.945807e-02 9.973749e-01 -6.974806e-02 -8.921826e+00 4.373786e-02 7.054363e-02 9.965493e-01 3.738393e+01
9.987326e-01 1.700011e-02 -4.737313e-02 -7.813902e+01 -2.052905e-02 9.969699e-01 -7.503057e-02 -8.984238e+00 4.595405e-02 7.590800e-02 9.960553e-01 3.816830e+01
9.987309e-01 1.218044e-02 -4.886959e-02 -7.820136e+01 -1.625406e-02 9.963462e-01 -8.384553e-02 -8.961839e+00 4.766976e-02 8.453345e-02 9.952797e-01 3.898859e+01
9.987116e-01 1.129766e-02 -4.947296e-02 -7.827866e+01 -1.554307e-02 9.961490e-01 -8.628736e-02 -9.033365e+00 4.830759e-02 8.694514e-02 9.950412e-01 3.983812e+01
9.985927e-01 1.057341e-02 -5.196933e-02 -7.832895e+01 -1.496764e-02 9.962765e-01 -8.490640e-02 -9.117132e+00 5.087808e-02 8.556477e-02 9.950327e-01 4.066265e+01
9.985025e-01 -9.821612e-03 -5.381746e-02 -7.837108e+01 4.159020e-03 9.945334e-01 -1.043366e-01 -8.778526e+00 5.454801e-02 1.039565e-01 9.930849e-01 4.158713e+01
9.984973e-01 -1.303314e-02 -5.322809e-02 -7.847613e+01 7.442970e-03 9.945598e-01 -1.039011e-01 -8.858422e+00 5.429267e-02 1.033488e-01 9.931623e-01 4.255950e+01
9.983898e-01 -1.449062e-02 -5.484359e-02 -7.850903e+01 8.953798e-03 9.949585e-01 -9.988747e-02 -8.961798e+00 5.601453e-02 9.923557e-02 9.934861e-01 4.338351e+01
9.980695e-01 -1.499401e-02 -6.027018e-02 -7.843441e+01 9.537363e-03 9.959119e-01 -8.982495e-02 -9.204329e+00 6.137063e-02 8.907672e-02 9.941323e-01 4.427420e+01
9.980904e-01 -1.545179e-02 -5.980583e-02 -7.848567e+01 1.017191e-02 9.961036e-01 -8.760168e-02 -9.304389e+00 6.092641e-02 8.682606e-02 9.943587e-01 4.515456e+01
9.982324e-01 -1.219687e-02 -5.816693e-02 -7.853896e+01 7.069799e-03 9.961352e-01 -8.754854e-02 -9.388483e+00 5.900994e-02 8.698256e-02 9.944606e-01 4.600706e+01
9.983775e-01 -1.139614e-02 -5.579001e-02 -7.860166e+01 6.415923e-03 9.960426e-01 -8.864536e-02 -9.480016e+00 5.657944e-02 8.814359e-02 9.944996e-01 4.686034e+01
9.984502e-01 -1.374607e-02 -5.392744e-02 -7.864795e+01 8.813241e-03 9.958424e-01 -9.066516e-02 -9.576891e+00 5.494953e-02 9.004938e-02 9.944203e-01 4.770949e+01
9.985018e-01 -1.719688e-02 -5.194541e-02 -7.868896e+01 1.234219e-02 9.956480e-01 -9.237271e-02 -9.671203e+00 5.330787e-02 9.159320e-02 9.943686e-01 4.857715e+01
9.985837e-01 -1.793918e-02 -5.008737e-02 -7.872850e+01 1.324675e-02 9.956252e-01 -9.249267e-02 -9.767529e+00 5.152749e-02 9.169818e-02 9.944528e-01 4.944445e+01
9.986148e-01 -2.036469e-02 -4.851469e-02 -7.878239e+01 1.592580e-02 9.957976e-01 -9.018640e-02 -9.862050e+00 5.014743e-02 8.928884e-02 9.947425e-01 5.032108e+01
9.985803e-01 -2.316144e-02 -4.796738e-02 -7.881973e+01 1.886587e-02 9.959290e-01 -8.814446e-02 -9.951768e+00 4.981366e-02 8.711438e-02 9.949521e-01 5.120565e+01
9.986338e-01 -2.338668e-02 -4.672811e-02 -7.886803e+01 1.918951e-02 9.959061e-01 -8.833322e-02 -1.003732e+01 4.860263e-02 8.731586e-02 9.949943e-01 5.207667e+01
9.987682e-01 -2.195544e-02 -4.449796e-02 -7.893513e+01 1.778242e-02 9.955912e-01 -9.209705e-02 -1.012928e+01 4.632381e-02 9.119232e-02 9.947553e-01 5.295816e+01
9.987435e-01 -1.814677e-02 -4.671273e-02 -7.900980e+01 1.348652e-02 9.950740e-01 -9.821304e-02 -1.024985e+01 4.826487e-02 9.745964e-02 9.940685e-01 5.396159e+01
9.989320e-01 -1.559935e-02 -4.349193e-02 -7.910051e+01 1.099662e-02 9.945031e-01 -1.041279e-01 -1.033906e+01 4.487719e-02 1.035384e-01 9.936125e-01 5.480480e+01
9.990169e-01 -1.055726e-02 -4.305576e-02 -7.914904e+01 5.779133e-03 9.939562e-01 -1.096253e-01 -1.044707e+01 4.395289e-02 1.092687e-01 9.930400e-01 5.564924e+01
9.990676e-01 -1.048861e-02 -4.187955e-02 -7.919291e+01 5.793315e-03 9.938370e-01 -1.106997e-01 -1.054850e+01 4.278253e-02 1.103539e-01 9.929711e-01 5.648459e+01
9.990208e-01 -1.451084e-02 -4.179579e-02 -7.922270e+01 1.004826e-02 9.944144e-01 -1.050672e-01 -1.064842e+01 4.308695e-02 1.045443e-01 9.935864e-01 5.731861e+01
9.990116e-01 -1.529767e-02 -4.173420e-02 -7.927731e+01 1.121566e-02 9.952846e-01 -9.634689e-02 -1.075060e+01 4.301129e-02 9.578358e-02 9.944725e-01 5.817307e+01
9.989791e-01 -1.676055e-02 -4.195019e-02 -7.933868e+01 1.298708e-02 9.959773e-01 -8.866001e-02 -1.085471e+01 4.326742e-02 8.802469e-02 9.951782e-01 5.903711e+01
9.986621e-01 -1.886333e-02 -4.814777e-02 -7.931666e+01 1.444990e-02 9.957989e-01 -9.042001e-02 -1.095572e+01 4.965111e-02 8.960330e-02 9.947392e-01 5.995446e+01
9.969647e-01 -2.235319e-02 -7.457722e-02 -7.892565e+01 1.630855e-02 9.966051e-01 -8.069830e-02 -1.122387e+01 7.612791e-02 7.923711e-02 9.939447e-01 6.062407e+01
9.967553e-01 -2.441292e-02 -7.670045e-02 -7.900242e+01 1.807252e-02 9.964440e-01 -8.229719e-02 -1.130662e+01 7.843682e-02 8.064398e-02 9.936520e-01 6.142344e+01
9.966935e-01 -2.594548e-02 -7.699902e-02 -7.913363e+01 1.941974e-02 9.962494e-01 -8.432101e-02 -1.140200e+01 7.889797e-02 8.254690e-02 9.934592e-01 6.220383e+01
9.965193e-01 -2.281366e-02 -8.018027e-02 -7.920803e+01 1.572674e-02 9.960023e-01 -8.793262e-02 -1.147101e+01 8.186579e-02 8.636557e-02 9.928942e-01 6.300918e+01
9.961926e-01 -8.345675e-03 -8.677909e-02 -7.931058e+01 1.689294e-04 9.955903e-01 -9.380816e-02 -1.149332e+01 8.717931e-02 9.343633e-02 9.918011e-01 6.461139e+01
9.958795e-01 -5.977603e-03 -9.048923e-02 -7.938388e+01 -2.850041e-03 9.952693e-01 -9.711236e-02 -1.159013e+01 9.064165e-02 9.697010e-02 9.911513e-01 6.541319e+01
9.958431e-01 -7.727563e-03 -9.075720e-02 -7.985343e+01 -9.109373e-04 9.955000e-01 -9.475765e-02 -1.174852e+01 9.108103e-02 9.444643e-02 9.913547e-01 6.612458e+01
9.955623e-01 -5.509587e-03 -9.394299e-02 -7.994808e+01 -3.241193e-03 9.956847e-01 -9.274371e-02 -1.183846e+01 9.404859e-02 9.263663e-02 9.912484e-01 6.692236e+01
9.952669e-01 -3.285782e-03 -9.712340e-02 -8.004532e+01 -5.565389e-03 9.958607e-01 -9.072199e-02 -1.192672e+01 9.701947e-02 9.083313e-02 9.911289e-01 6.772001e+01
9.722370e-01 -1.700944e-01 -1.606959e-01 -7.896684e+01 1.392075e-01 9.724318e-01 -1.870767e-01 -1.048483e+01 1.880865e-01 1.595129e-01 9.691125e-01 6.945796e+01
9.714093e-01 -1.704285e-01 -1.652821e-01 -7.911311e+01 1.393405e-01 9.729438e-01 -1.842949e-01 -1.063892e+01 1.922193e-01 1.559953e-01 9.688742e-01 7.022402e+01
9.696456e-01 -1.710226e-01 -1.747529e-01 -7.919459e+01 1.386388e-01 9.732483e-01 -1.832130e-01 -1.084796e+01 2.014116e-01 1.534242e-01 9.674164e-01 7.126089e+01
9.670426e-01 -1.780405e-01 -1.820172e-01 -7.929550e+01 1.453043e-01 9.729334e-01 -1.796866e-01 -1.106536e+01 2.090821e-01 1.473167e-01 9.667381e-01 7.217399e+01
9.658051e-01 -1.788480e-01 -1.877069e-01 -7.945869e+01 1.451922e-01 9.729046e-01 -1.799331e-01 -1.123340e+01 2.148016e-01 1.465267e-01 9.656036e-01 7.289532e+01
9.642072e-01 -1.767555e-01 -1.976410e-01 -7.952202e+01 1.425656e-01 9.740791e-01 -1.756271e-01 -1.149378e+01 2.235610e-01 1.411641e-01 9.644134e-01 7.368427e+01
9.616546e-01 -1.772047e-01 -2.093295e-01 -7.956903e+01 1.403216e-01 9.736772e-01 -1.796176e-01 -1.162483e+01 2.356485e-01 1.433567e-01 9.612069e-01 7.444425e+01
9.599589e-01 -1.789782e-01 -2.155128e-01 -7.973557e+01 1.402801e-01 9.730129e-01 -1.832141e-01 -1.177548e+01 2.424880e-01 1.456459e-01 9.591594e-01 7.522876e+01
9.585210e-01 -1.794265e-01 -2.214579e-01 -7.990609e+01 1.393065e-01 9.727770e-01 -1.851991e-01 -1.192711e+01 2.486587e-01 1.466667e-01 9.574224e-01 7.599972e+01
9.577163e-01 -1.780055e-01 -2.260390e-01 -8.010860e+01 1.383312e-01 9.737562e-01 -1.807298e-01 -1.206622e+01 2.522777e-01 1.418196e-01 9.572059e-01 7.675058e+01
9.566741e-01 -1.776039e-01 -2.307196e-01 -8.027261e+01 1.383442e-01 9.745244e-01 -1.765306e-01 -1.215968e+01 2.561944e-01 1.369636e-01 9.568727e-01 7.717882e+01
9.549440e-01 -1.806096e-01 -2.355041e-01 -8.046652e+01 1.415851e-01 9.746318e-01 -1.733391e-01 -1.235826e+01 2.608365e-01 1.321852e-01 9.562904e-01 7.790922e+01
9.526060e-01 -1.835710e-01 -2.425768e-01 -8.063954e+01 1.426602e-01 9.738632e-01 -1.767441e-01 -1.252298e+01 2.686817e-01 1.337615e-01 9.538962e-01 7.862613e+01
9.500748e-01 -1.844552e-01 -2.516627e-01 -8.081887e+01 1.399957e-01 9.728096e-01 -1.845065e-01 -1.265228e+01 2.788531e-01 1.400633e-01 9.500649e-01 7.935831e+01
9.474084e-01 -1.895081e-01 -2.578836e-01 -8.104558e+01 1.436777e-01 9.719152e-01 -1.863802e-01 -1.283617e+01 2.859615e-01 1.395260e-01 9.480287e-01 8.006709e+01
9.439981e-01 -1.916203e-01 -2.686060e-01 -8.124319e+01 1.452001e-01 9.722725e-01 -1.833114e-01 -1.299898e+01 2.962844e-01 1.340440e-01 9.456467e-01 8.077582e+01
9.403935e-01 -1.943288e-01 -2.790990e-01 -8.146366e+01 1.481811e-01 9.727998e-01 -1.780533e-01 -1.315090e+01 3.061084e-01 1.260829e-01 9.436105e-01 8.149257e+01
9.365431e-01 -1.962019e-01 -2.905027e-01 -8.168925e+01 1.509795e-01 9.736593e-01 -1.708591e-01 -1.330789e+01 3.163735e-01 1.161569e-01 9.414963e-01 8.219968e+01
9.829674e-01 -1.800516e-01 -3.683142e-02 -8.534464e+01 1.818378e-01 9.819072e-01 5.285199e-02 -1.653606e+01 2.664895e-02 -5.864912e-02 9.979229e-01 8.317966e+01
9.832814e-01 -1.754837e-01 -4.861299e-02 -8.538700e+01 1.778245e-01 9.828454e-01 4.892137e-02 -1.653228e+01 3.919416e-02 -5.674805e-02 9.976189e-01 8.393405e+01
9.830299e-01 -1.731690e-01 -6.053614e-02 -8.544736e+01 1.757110e-01 9.836487e-01 3.950767e-02 -1.651471e+01 5.270479e-02 -4.947408e-02 9.973838e-01 8.467846e+01
9.819589e-01 -1.741767e-01 -7.361560e-02 -8.549790e+01 1.770429e-01 9.836038e-01 3.434066e-02 -1.649551e+01 6.642724e-02 -4.675424e-02 9.966953e-01 8.546779e+01
9.805098e-01 -1.763191e-01 -8.667229e-02 -8.555981e+01 1.801419e-01 9.828907e-01 3.840308e-02 -1.646464e+01 7.841819e-02 -5.326791e-02 9.954964e-01 8.622716e+01
9.790434e-01 -1.772971e-01 -1.001990e-01 -8.563442e+01 1.820605e-01 9.824524e-01 4.051176e-02 -1.638374e+01 9.125810e-02 -5.790505e-02 9.941423e-01 8.698600e+01
