9.999796e-01 2.919886e-04 -6.386494e-03 -1.376122e-02 -2.902825e-04 9.999999e-01 2.680740e-04 -4.232425e-05 6.386572e-03 -2.662146e-04 9.999796e-01 1.125820e-01
9.999073e-01 5.876187e-04 -1.360480e-02 -2.385162e-02 -5.870108e-04 9.999998e-01 4.867311e-05 3.385661e-04 1.360482e-02 -4.068244e-05 9.999074e-01 2.226470e-01
9.997764e-01 1.018466e-03 -2.112086e-02 -4.069777e-02 -1.044271e-03 9.999987e-01 -1.210798e-03 5.323702e-03 2.111960e-02 1.232583e-03 9.997762e-01 3.458196e-01
9.995361e-01 1.361689e-03 -3.042746e-02 -6.333632e-02 -1.455127e-03 9.999943e-01 -3.048935e-03 9.398644e-03 3.042313e-02 3.091796e-03 9.995323e-01 4.774245e-01
9.991251e-01 1.515090e-03 -4.179463e-02 -8.820643e-02 -1.720246e-03 9.999866e-01 -4.873155e-03 8.923509e-03 4.178669e-02 4.940788e-03 9.991143e-01 6.152220e-01
9.984479e-01 1.446758e-03 -5.567427e-02 -1.045139e-01 -1.778742e-03 9.999809e-01 -5.913862e-03 6.784741e-03 5.566466e-02 6.003714e-03 9.984315e-01 7.618879e-01
9.973788e-01 2.097392e-03 -7.232615e-02 -1.254920e-01 -2.531271e-03 9.999793e-01 -5.907784e-03 -1.434933e-04 7.231227e-02 6.075376e-03 9.973635e-01 9.185921e-01
9.958822e-01 3.361318e-04 -9.065611e-02 -1.636333e-01 -9.327442e-04 9.999782e-01 -6.538764e-03 4.572979e-03 9.065194e-02 6.596398e-03 9.958608e-01 1.084129e+00
9.938505e-01 -1.267376e-03 -1.107227e-01 -1.992366e-01 5.156300e-04 9.999766e-01 -6.817821e-03 -6.786153e-04 1.107288e-01 6.718803e-03 9.938280e-01 1.258373e+00
9.911254e-01 -1.437269e-03 -1.329228e-01 -2.432409e-01 4.874113e-04 9.999741e-01 -7.178199e-03 -5.460442e-03 1.329297e-01 7.049707e-03 9.911004e-01 1.427032e+00
9.876495e-01 2.074622e-03 -1.566656e-01 -3.089972e-01 -3.390302e-03 9.999612e-01 -8.131257e-03 -1.058971e-02 1.566426e-01 8.561975e-03 9.876182e-01 1.603106e+00
9.833763e-01 6.605669e-03 -1.814590e-01 -3.871854e-01 -8.405112e-03 9.999228e-01 -9.149338e-03 -1.577262e-02 1.813845e-01 1.052243e-02 9.833560e-01 1.786043e+00
9.779765e-01 9.284617e-03 -2.085084e-01 -4.592998e-01 -1.165557e-02 9.998806e-01 -1.014524e-02 -1.719772e-02 2.083893e-01 1.235209e-02 9.779680e-01 1.980050e+00
9.712678e-01 1.010815e-02 -2.377746e-01 -5.419013e-01 -1.292837e-02 9.998633e-01 -1.030448e-02 -2.590848e-02 2.376379e-01 1.308244e-02 9.712657e-01 2.180879e+00
9.632607e-01 1.153421e-02 -2.683202e-01 -6.391046e-01 -1.464994e-02 9.998465e-01 -9.612669e-03 -3.184851e-02 2.681681e-01 1.319038e-02 9.632818e-01 2.385505e+00
9.539315e-01 1.238656e-02 -2.997688e-01 -7.528913e-01 -1.566737e-02 9.998408e-01 -8.543279e-03 -3.912449e-02 2.996153e-01 1.284629e-02 9.539736e-01 2.602778e+00
9.426437e-01 1.448323e-02 -3.334862e-01 -8.659494e-01 -1.785215e-02 9.998159e-01 -7.039740e-03 -5.421974e-02 3.333229e-01 1.258941e-02 9.427287e-01 2.816360e+00
9.302950e-01 1.669081e-02 -3.664323e-01 -9.936106e-01 -2.034637e-02 9.997743e-01 -6.115956e-03 -6.698832e-02 3.662475e-01 1.314521e-02 9.304246e-01 3.032051e+00
9.164243e-01 1.927213e-02 -3.997438e-01 -1.126164e+00 -2.321905e-02 9.997177e-01 -5.032749e-03 -6.910639e-02 3.995340e-01 1.389381e-02 9.166131e-01 3.243400e+00
9.005246e-01 1.916509e-02 -4.343824e-01 -1.272892e+00 -2.362509e-02 9.997090e-01 -4.870033e-03 -7.762257e-02 4.341627e-01 1.464791e-02 9.007154e-01 3.458156e+00
8.821960e-01 1.404445e-02 -4.706729e-01 -1.428948e+00 -2.040418e-02 9.997564e-01 -8.412328e-03 -8.328837e-02 4.704401e-01 1.702501e-02 8.822677e-01 3.677637e+00
8.611091e-01 8.860837e-03 -5.083429e-01 -1.597407e+00 -1.709886e-02 9.997872e-01 -1.153755e-02 -9.275472e-02 5.081325e-01 1.862718e-02 8.610774e-01 3.901194e+00
8.360169e-01 8.350807e-03 -5.486401e-01 -1.761275e+00 -1.629473e-02 9.998210e-01 -9.611689e-03 -9.896369e-02 5.484616e-01 1.697548e-02 8.360034e-01 4.087033e+00
8.071011e-01 1.172156e-02 -5.902968e-01 -1.964232e+00 -1.839752e-02 9.998167e-01 -5.301140e-03 -9.864099e-02 5.901265e-01 1.513855e-02 8.071689e-01 4.268095e+00
7.743112e-01 1.461658e-02 -6.326361e-01 -2.184282e+00 -2.092651e-02 9.997779e-01 -2.513764e-03 -1.093302e-01 6.324589e-01 1.518530e-02 7.744451e-01 4.454611e+00
7.379265e-01 1.312934e-02 -6.747534e-01 -2.421626e+00 -2.107279e-02 9.997715e-01 -3.592176e-03 -1.075466e-01 6.745520e-01 1.686970e-02 7.380345e-01 4.646878e+00
6.972924e-01 5.705306e-03 -7.167641e-01 -2.646461e+00 -1.615924e-02 9.998393e-01 -7.761730e-03 -1.213544e-01 7.166046e-01 1.699456e-02 6.972726e-01 4.839327e+00
6.536731e-01 -6.906268e-04 -7.567767e-01 -2.892716e+00 -1.266753e-02 9.998495e-01 -1.185415e-02 -1.336473e-01 7.566710e-01 1.733523e-02 6.535660e-01 5.028504e+00
6.076875e-01 -3.116866e-03 -7.941701e-01 -3.239705e+00 -1.149052e-02 9.998531e-01 -1.271648e-02 -1.363338e-01 7.940931e-01 1.685307e-02 6.075625e-01 5.238580e+00
5.583353e-01 -5.488917e-03 -8.295973e-01 -3.611588e+00 -9.956820e-03 9.998618e-01 -1.331659e-02 -1.354371e-01 8.295557e-01 1.569527e-02 5.582034e-01 5.444431e+00
5.059802e-01 -8.075343e-03 -8.625073e-01 -3.969493e+00 -7.615958e-03 9.998754e-01 -1.382929e-02 -1.510387e-01 8.625115e-01 1.356616e-02 5.058556e-01 5.615302e+00
4.519596e-01 -8.498877e-03 -8.919979e-01 -4.368930e+00 -6.752677e-03 9.998934e-01 -1.294836e-02 -1.563044e-01 8.920128e-01 1.187551e-02 4.518540e-01 5.772514e+00
3.963791e-01 -1.044820e-02 -9.180275e-01 -4.692442e+00 -3.671834e-03 9.999092e-01 -1.296551e-02 -1.687830e-01 9.180796e-01 8.510100e-03 3.963047e-01 5.883167e+00
3.399829e-01 -1.046354e-02 -9.403734e-01 -5.034198e+00 -1.864337e-03 9.999286e-01 -1.180025e-02 -1.872872e-01 9.404298e-01 5.765055e-03 3.399392e-01 5.979635e+00
2.847547e-01 -1.091816e-02 -9.585382e-01 -5.406189e+00 1.645654e-03 9.999392e-01 -1.090086e-02 -2.053959e-01 9.585990e-01 1.526648e-03 2.847554e-01 6.039842e+00
2.297574e-01 -1.266977e-02 -9.731655e-01 -6.009258e+00 3.086849e-03 9.999197e-01 -1.228930e-02 -1.919855e-01 9.732430e-01 -1.804572e-04 2.297781e-01 6.126310e+00
1.788787e-01 -1.359617e-02 -9.837772e-01 -6.424893e+00 3.077586e-03 9.999074e-01 -1.325950e-02 -1.877875e-01 9.838663e-01 -6.558165e-04 1.789040e-01 6.144050e+00
1.310555e-01 -1.048623e-02 -9.913196e-01 -6.827118e+00 3.112662e-03 9.999435e-01 -1.016595e-02 -1.979856e-01 9.913701e-01 -1.753339e-03 1.310807e-01 6.167944e+00
8.885040e-02 -7.337789e-03 -9.960180e-01 -7.276076e+00 2.698082e-03 9.999710e-01 -7.126227e-03 -2.111715e-01 9.960413e-01 -2.054170e-03 8.886762e-02 6.154120e+00
5.074270e-02 -5.034069e-03 -9.986991e-01 -7.769876e+00 8.819995e-04 9.999871e-01 -4.995749e-03 -2.191779e-01 9.987114e-01 -6.273543e-04 5.074648e-02 6.148049e+00
1.617814e-02 -5.097831e-03 -9.998561e-01 -8.291600e+00 -1.978448e-03 9.999849e-01 -5.130499e-03 -2.235654e-01 9.998672e-01 2.061165e-03 1.616781e-02 6.127511e+00
-1.519037e-02 -4.464542e-03 -9.998747e-01 -8.784887e+00 -4.738377e-03 9.999791e-01 -4.393022e-03 -2.296714e-01 9.998734e-01 4.671051e-03 -1.521120e-02 6.095815e+00
-4.156128e-02 -3.577157e-03 -9.991296e-01 -9.292793e+00 -6.834082e-03 9.999712e-01 -3.295890e-03 -2.314327e-01 9.991126e-01 6.691152e-03 -4.158453e-02 6.047288e+00
-6.259092e-02 -3.347006e-03 -9.980337e-01 -9.806974e+00 -9.142494e-03 9.999543e-01 -2.780083e-03 -2.406202e-01 9.979974e-01 8.950509e-03 -6.261866e-02 5.998976e+00
-7.903479e-02 -4.238993e-03 -9.968628e-01 -1.033196e+01 -9.978077e-03 9.999442e-01 -3.460999e-03 -2.414956e-01 9.968219e-01 9.673235e-03 -7.907268e-02 5.945850e+00
-9.195731e-02 -5.314017e-03 -9.957488e-01 -1.088191e+01 -9.915683e-03 9.999411e-01 -4.420678e-03 -2.358461e-01 9.957136e-01 9.467016e-03 -9.200459e-02 5.882210e+00
-1.018124e-01 -4.068148e-03 -9.947953e-01 -1.144097e+01 -8.499992e-03 9.999587e-01 -3.219331e-03 -2.461971e-01 9.947673e-01 8.127984e-03 -1.018428e-01 5.817385e+00
-1.084556e-01 -2.096130e-03 -9.940991e-01 -1.202440e+01 -6.855458e-03 9.999756e-01 -1.360594e-03 -2.542621e-01 9.940777e-01 6.667441e-03 -1.084673e-01 5.739154e+00
-1.129199e-01 -2.271344e-03 -9.936015e-01 -1.263480e+01 -5.867465e-03 9.999815e-01 -1.619108e-03 -2.594531e-01 9.935868e-01 5.647092e-03 -1.129312e-01 5.656727e+00
-1.144169e-01 -4.864074e-03 -9.934209e-01 -1.325655e+01 -5.580423e-03 9.999754e-01 -4.253444e-03 -2.702296e-01 9.934172e-01 5.057044e-03 -1.144412e-01 5.583280e+00
-1.136288e-01 -6.942563e-03 -9.934990e-01 -1.390345e+01 -4.067686e-03 9.999705e-01 -6.522555e-03 -2.731648e-01 9.935149e-01 3.300092e-03 -1.136537e-01 5.512121e+00
-1.122945e-01 -7.027252e-03 -9.936501e-01 -1.455203e+01 -1.603440e-03 9.999750e-01 -6.890774e-03 -2.907659e-01 9.936737e-01 8.194620e-04 -1.123030e-01 5.436880e+00
-1.101971e-01 -4.833229e-03 -9.938980e-01 -1.525443e+01 -9.828248e-04 9.999882e-01 -4.753876e-03 -3.114583e-01 9.939093e-01 4.529641e-04 -1.102006e-01 5.343278e+00
-1.084069e-01 -3.169925e-03 -9.941016e-01 -1.594262e+01 -3.135043e-03 9.999910e-01 -2.846828e-03 -3.309892e-01 9.941017e-01 2.807935e-03 -1.084159e-01 5.263196e+00
-1.073096e-01 -2.950939e-03 -9.942213e-01 -1.664720e+01 -3.182973e-03 9.999915e-01 -2.624517e-03 -3.419693e-01 9.942206e-01 2.882944e-03 -1.073181e-01 5.189886e+00
-1.059387e-01 -3.739757e-03 -9.943656e-01 -1.737495e+01 -4.859993e-04 9.999930e-01 -3.709144e-03 -3.533154e-01 9.943725e-01 9.031928e-05 -1.059397e-01 5.126832e+00
-1.039584e-01 -2.426042e-03 -9.945787e-01 -1.812421e+01 3.552406e-03 9.999897e-01 -2.810556e-03 -3.733950e-01 9.945753e-01 -3.825328e-03 -1.039488e-01 5.050250e+00
-1.022039e-01 -1.904116e-03 -9.947616e-01 -1.886688e+01 5.687936e-03 9.999807e-01 -2.498497e-03 -3.940831e-01 9.947472e-01 -5.913496e-03 -1.021911e-01 4.972295e+00
-1.002766e-01 5.428525e-04 -9.949595e-01 -1.962163e+01 5.325638e-03 9.999858e-01 8.852507e-06 -4.026392e-01 9.949453e-01 -5.297906e-03 -1.002781e-01 4.887813e+00
-9.816845e-02 3.075643e-03 -9.951651e-01 -2.038712e+01 2.825073e-03 9.999921e-01 2.811881e-03 -4.183503e-01 9.951658e-01 -2.535376e-03 -9.817636e-02 4.799954e+00
-9.673968e-02 3.628766e-03 -9.953031e-01 -2.116465e+01 2.164402e-03 9.999918e-01 3.435488e-03 -4.188352e-01 9.953074e-01 -1.821888e-03 -9.674674e-02 4.717530e+00
-9.515395e-02 5.944811e-04 -9.954624e-01 -2.199046e+01 3.887907e-03 9.999924e-01 2.255503e-04 -4.242562e-01 9.954550e-01 -3.848804e-03 -9.515554e-02 4.633828e+00
-9.412640e-02 -1.607052e-03 -9.955590e-01 -2.280249e+01 5.448927e-03 9.999829e-01 -2.129369e-03 -4.334645e-01 9.955453e-01 -5.625158e-03 -9.411604e-02 4.552173e+00
-9.271902e-02 -2.642456e-03 -9.956888e-01 -2.361446e+01 6.781006e-03 9.999716e-01 -3.285273e-03 -4.448017e-01 9.956692e-01 -7.056379e-03 -9.269847e-02 4.466491e+00
-9.196882e-02 -3.030583e-03 -9.957573e-01 -2.449387e+01 1.868460e-03 9.999931e-01 -3.216047e-03 -4.645897e-01 9.957601e-01 -2.156309e-03 -9.196252e-02 4.372844e+00
-9.161149e-02 -4.508876e-03 -9.957846e-01 -2.532896e+01 -5.102421e-03 9.999787e-01 -4.058448e-03 -4.887967e-01 9.957818e-01 4.709112e-03 -9.163255e-02 4.283111e+00
-9.173660e-02 -7.649508e-03 -9.957539e-01 -2.619425e+01 -1.043202e-02 9.999230e-01 -6.720457e-03 -4.957740e-01 9.957287e-01 9.771209e-03 -9.180934e-02 4.190800e+00
-9.193260e-02 -8.282389e-03 -9.957308e-01 -2.707837e+01 -1.018781e-02 9.999209e-01 -7.376634e-03 -5.015024e-01 9.957131e-01 9.466167e-03 -9.200971e-02 4.088554e+00
-9.109053e-02 -7.382330e-03 -9.958153e-01 -2.797954e+01 -2.480786e-03 9.999711e-01 -7.186213e-03 -5.290266e-01 9.958395e-01 1.815809e-03 -9.110621e-02 3.969051e+00
-9.119199e-02 -4.616923e-03 -9.958226e-01 -2.889603e+01 4.986117e-03 9.999746e-01 -5.092774e-03 -5.479966e-01 9.958208e-01 -5.429708e-03 -9.116666e-02 3.867247e+00
-9.068652e-02 -2.839660e-03 -9.958754e-01 -2.980853e+01 1.034383e-02 9.999393e-01 -3.793179e-03 -5.645542e-01 9.958258e-01 -1.064515e-02 -9.065164e-02 3.755887e+00
-9.020592e-02 -1.964894e-03 -9.959212e-01 -3.078678e+01 1.061464e-02 9.999394e-01 -2.934247e-03 -5.823592e-01 9.958666e-01 -1.083603e-02 -9.017959e-02 3.637406e+00
-9.074418e-02 -2.880934e-03 -9.958701e-01 -3.171967e+01 6.641776e-03 9.999718e-01 -3.498002e-03 -6.033075e-01 9.958521e-01 -6.931770e-03 -9.072249e-02 3.568200e+00
-9.104361e-02 -2.939180e-03 -9.958426e-01 -3.266233e+01 3.694326e-03 9.999878e-01 -3.289163e-03 -6.208562e-01 9.958401e-01 -3.978425e-03 -9.103164e-02 3.477415e+00
-9.118253e-02 -5.893469e-04 -9.958340e-01 -3.360167e+01 5.209811e-03 9.999859e-01 -1.068835e-03 -6.440723e-01 9.958206e-01 -5.285566e-03 -9.117817e-02 3.398377e+00
-9.123349e-02 6.528030e-04 -9.958293e-01 -3.449501e+01 7.549201e-03 9.999715e-01 -3.610606e-05 -6.592417e-01 9.958009e-01 -7.521010e-03 -9.123581e-02 3.324754e+00
-9.095917e-02 1.914324e-03 -9.958528e-01 -3.534858e+01 6.305710e-03 9.999792e-01 1.346305e-03 -6.847518e-01 9.958347e-01 -6.157100e-03 -9.096935e-02 3.244631e+00
-9.023030e-02 3.313837e-03 -9.959154e-01 -3.620702e+01 1.212338e-03 9.999941e-01 3.217570e-03 -6.998434e-01 9.959202e-01 -9.170636e-04 -9.023378e-02 3.149757e+00
-9.012664e-02 4.416760e-03 -9.959205e-01 -3.707411e+01 -2.891150e-03 9.999848e-01 4.696421e-03 -7.026135e-01 9.959261e-01 3.302628e-03 -9.011250e-02 3.066705e+00
-8.950240e-02 3.365831e-03 -9.959809e-01 -3.792317e+01 -2.650886e-03 9.999899e-01 3.617597e-03 -7.046674e-01 9.959831e-01 2.964015e-03 -8.949258e-02 2.984963e+00
-8.896400e-02 2.109328e-03 -9.960326e-01 -3.876632e+01 -7.242522e-04 9.999974e-01 2.182413e-03 -7.114112e-01 9.960346e-01 9.155350e-04 -8.896223e-02 2.906496e+00
-8.833341e-02 2.004038e-03 -9.960889e-01 -3.961432e+01 4.192729e-03 9.999899e-01 1.640074e-03 -7.273882e-01 9.960821e-01 -4.031457e-03 -8.834092e-02 2.815244e+00
-8.787072e-02 6.475920e-04 -9.961317e-01 -4.046000e+01 9.576649e-03 9.999541e-01 -1.946979e-04 -7.416240e-01 9.960859e-01 -9.556711e-03 -8.787289e-02 2.735734e+00
-8.842882e-02 2.574483e-04 -9.960825e-01 -4.129239e+01 1.257434e-02 9.999206e-01 -8.578665e-04 -7.540018e-01 9.960031e-01 -1.260094e-02 -8.842503e-02 2.666389e+00
-8.813108e-02 -3.677765e-04 -9.961088e-01 -4.211423e+01 1.217200e-02 9.999249e-01 -1.446108e-03 -7.667136e-01 9.960345e-01 -1.225209e-02 -8.811998e-02 2.583832e+00
-8.813110e-02 -3.633067e-04 -9.961088e-01 -4.294857e+01 7.745465e-03 9.999695e-01 -1.049998e-03 -7.852636e-01 9.960788e-01 -7.807864e-03 -8.812560e-02 2.507374e+00
-8.765541e-02 4.739549e-04 -9.961507e-01 -4.378571e+01 3.589907e-03 9.999935e-01 1.598925e-04 -7.998690e-01 9.961444e-01 -3.562073e-03 -8.765654e-02 2.423645e+00
-8.778101e-02 4.035662e-03 -9.961316e-01 -4.460871e+01 1.345835e-03 9.999914e-01 3.932702e-03 -8.093002e-01 9.961389e-01 -9.954124e-04 -8.778568e-02 2.347055e+00
-8.832535e-02 7.676078e-03 -9.960621e-01 -4.545871e+01 5.517416e-05 9.999703e-01 7.701304e-03 -8.158454e-01 9.960917e-01 6.252635e-04 -8.832316e-02 2.263150e+00
-8.901722e-02 5.435903e-03 -9.960153e-01 -4.627502e+01 -1.491972e-03 9.999833e-01 5.590901e-03 -8.409923e-01 9.960290e-01 1.983714e-03 -8.900762e-02 2.181373e+00
-9.040167e-02 1.865203e-03 -9.959036e-01 -4.710395e+01 -5.609713e-03 9.999814e-01 2.382053e-03 -8.578783e-01 9.958896e-01 5.802075e-03 -9.038953e-02 2.107568e+00
-9.091475e-02 -2.592721e-03 -9.958553e-01 -4.793442e+01 -7.740902e-03 9.999682e-01 -1.896737e-03 -8.651768e-01 9.958286e-01 7.536377e-03 -9.093193e-02 2.026368e+00
-9.272929e-02 -2.660951e-03 -9.956878e-01 -4.879567e+01 -4.503035e-03 9.999873e-01 -2.253069e-03 -8.777954e-01 9.956812e-01 4.274692e-03 -9.274010e-02 1.955960e+00
-9.427018e-02 -5.237557e-03 -9.955329e-01 -4.965114e+01 1.496635e-03 9.999843e-01 -5.402697e-03 -8.969287e-01 9.955455e-01 -1.999263e-03 -9.426086e-02 1.873485e+00
-9.675219e-02 -7.891622e-03 -9.952772e-01 -5.049541e+01 4.832913e-03 9.999531e-01 -8.398510e-03 -9.333894e-01 9.952968e-01 -5.622663e-03 -9.670951e-02 1.808680e+00
-9.834737e-02 -7.299177e-03 -9.951254e-01 -5.134162e+01 4.133463e-03 9.999615e-01 -7.743156e-03 -9.640018e-01 9.951436e-01 -4.874833e-03 -9.831342e-02 1.738418e+00
-9.899102e-02 -4.203074e-03 -9.950795e-01 -5.223507e+01 5.951647e-04 9.999907e-01 -4.283025e-03 -9.915354e-01 9.950881e-01 -1.016217e-03 -9.898759e-02 1.627565e+00
-9.963493e-02 1.962145e-03 -9.950221e-01 -5.316846e+01 -2.083947e-03 9.999955e-01 2.180625e-03 -1.011971e+00 9.950219e-01 2.290840e-03 -9.963039e-02 1.529035e+00
-1.011570e-01 6.090831e-03 -9.948518e-01 -5.401023e+01 -2.889695e-03 9.999752e-01 6.416024e-03 -1.026648e+00 9.948663e-01 3.523844e-03 -1.011369e-01 1.452202e+00
-1.022742e-01 6.993813e-03 -9.947317e-01 -5.494566e+01 -2.250765e-03 9.999711e-01 7.262065e-03 -1.024037e+00 9.947537e-01 2.981629e-03 -1.022555e-01 1.366502e+00
-1.033821e-01 6.633758e-03 -9.946196e-01 -5.599542e+01 -1.240506e-03 9.999761e-01 6.798424e-03 -1.035914e+00 9.946409e-01 1.936667e-03 -1.033714e-01 1.263244e+00
-1.037730e-01 8.715180e-03 -9.945628e-01 -5.690569e+01 -1.694447e-03 9.999586e-01 8.939261e-03 -1.043721e+00 9.945996e-01 2.612887e-03 -1.037539e-01 1.137741e+00
-1.035306e-01 9.641826e-03 -9.945795e-01 -5.777752e+01 -1.710518e-03 9.999498e-01 9.871943e-03 -1.059014e+00 9.946248e-01 2.723295e-03 -1.035089e-01 1.008707e+00
-1.035690e-01 7.778415e-03 -9.945919e-01 -5.862023e+01 -2.233394e-04 9.999692e-01 7.843727e-03 -1.066617e+00 9.946222e-01 1.034499e-03 -1.035641e-01 8.940065e-01
-1.035544e-01 6.415648e-03 -9.946031e-01 -5.943265e+01 2.238106e-03 9.999782e-01 6.217296e-03 -1.082935e+00 9.946213e-01 -1.582198e-03 -1.035665e-01 7.864285e-01
-1.036905e-01 6.609187e-03 -9.945877e-01 -6.025289e+01 6.647635e-03 9.999602e-01 5.951840e-03 -1.102003e+00 9.945874e-01 -5.994507e-03 -1.037303e-01 6.899985e-01
-1.043294e-01 6.749373e-03 -9.945199e-01 -6.106465e+01 8.826886e-03 9.999439e-01 5.860205e-03 -1.117364e+00 9.945036e-01 -8.167123e-03 -1.043831e-01 5.988982e-01
-1.049427e-01 6.248032e-03 -9.944586e-01 -6.185388e+01 8.712695e-03 9.999477e-01 5.363090e-03 -1.136949e+00 9.944401e-01 -8.101598e-03 -1.049916e-01 5.050568e-01
-1.053298e-01 5.042139e-03 -9.944246e-01 -6.261834e+01 6.249813e-03 9.999708e-01 4.408278e-03 -1.149798e+00 9.944177e-01 -5.750644e-03 -1.053583e-01 4.162163e-01
-1.054229e-01 4.500847e-03 -9.944173e-01 -6.337228e+01 2.718146e-03 9.999873e-01 4.237894e-03 -1.170014e+00 9.944238e-01 -2.256200e-03 -1.054338e-01 3.321077e-01
-1.048965e-01 4.882410e-03 -9.944712e-01 -6.411499e+01 1.001302e-04 9.999880e-01 4.898933e-03 -1.192551e+00 9.944831e-01 4.143043e-04 -1.048957e-01 2.424337e-01
-1.034868e-01 5.439293e-03 -9.946160e-01 -6.485250e+01 -2.231421e-03 9.999813e-01 5.700807e-03 -1.203893e+00 9.946283e-01 2.809366e-03 -1.034728e-01 1.588694e-01
-1.011001e-01 7.333563e-03 -9.948492e-01 -6.558033e+01 -2.751483e-03 9.999669e-01 7.650904e-03 -1.211663e+00 9.948725e-01 3.510817e-03 -1.010766e-01 7.830723e-02
-9.738767e-02 6.958373e-03 -9.952222e-01 -6.627759e+01 -1.815694e-03 9.999727e-01 7.169262e-03 -1.222896e+00 9.952449e-01 2.505216e-03 -9.737237e-02 1.694781e-02
-9.167631e-02 5.597459e-03 -9.957731e-01 -6.697268e+01 -5.181191e-04 9.999838e-01 5.668829e-03 -1.237021e+00 9.957887e-01 1.035626e-03 -9.167193e-02 -4.084694e-02
-8.476148e-02 4.224599e-03 -9.963923e-01 -6.763656e+01 6.106641e-04 9.999910e-01 4.187909e-03 -1.244549e+00 9.964011e-01 -2.534876e-04 -8.476330e-02 -9.012154e-02
-7.618805e-02 5.006119e-03 -9.970809e-01 -6.828791e+01 1.971593e-03 9.999862e-01 4.870055e-03 -1.252490e+00 9.970915e-01 -1.594797e-03 -7.619687e-02 -1.324384e-01
-6.437858e-02 6.815918e-03 -9.979023e-01 -6.893222e+01 4.015508e-03 9.999703e-01 6.570988e-03 -1.271268e+00 9.979175e-01 -3.584053e-03 -6.440404e-02 -1.716378e-01
-4.957249e-02 9.297474e-03 -9.987273e-01 -6.956086e+01 5.909123e-03 9.999419e-01 9.015479e-03 -1.286377e+00 9.987530e-01 -5.454682e-03 -4.962455e-02 -2.009866e-01
-3.162681e-02 1.027411e-02 -9.994469e-01 -7.015302e+01 7.356484e-03 9.999225e-01 1.004621e-02 -1.297078e+00 9.994727e-01 -7.034686e-03 -3.169994e-02 -2.042907e-01
-9.907489e-03 1.011317e-02 -9.998998e-01 -7.072918e+01 8.112138e-03 9.999168e-01 1.003296e-02 -1.302522e+00 9.999180e-01 -8.011924e-03 -9.988704e-03 -1.932154e-01
1.537144e-02 8.250565e-03 -9.998478e-01 -7.127371e+01 8.558835e-03 9.999282e-01 8.382810e-03 -1.315267e+00 9.998452e-01 -8.686389e-03 1.529972e-02 -1.703928e-01
4.435716e-02 5.584974e-03 -9.990001e-01 -7.179777e+01 8.173809e-03 9.999489e-01 5.953208e-03 -1.317745e+00 9.989823e-01 -8.429703e-03 4.430924e-02 -1.273116e-01
7.822936e-02 3.294266e-03 -9.969299e-01 -7.230590e+01 8.388880e-03 9.999570e-01 3.962547e-03 -1.324808e+00 9.969001e-01 -8.673113e-03 7.819836e-02 -6.176886e-02
1.159911e-01 1.572292e-03 -9.932490e-01 -7.278878e+01 8.715400e-03 9.999586e-01 2.600693e-03 -1.325831e+00 9.932120e-01 -8.958219e-03 1.159726e-01 1.569500e-02
1.567213e-01 -8.226595e-04 -9.876425e-01 -7.325669e+01 9.166038e-03 9.999578e-01 6.215696e-04 -1.337717e+00 9.876003e-01 -9.150182e-03 1.567222e-01 1.161466e-01
2.019193e-01 -3.523553e-03 -9.793958e-01 -7.371445e+01 1.074458e-02 9.999413e-01 -1.382288e-03 -1.340748e+00 9.793432e-01 -1.024409e-02 2.019453e-01 2.349630e-01
2.502524e-01 -9.003923e-03 -9.681388e-01 -7.416012e+01 1.214342e-02 9.999073e-01 -6.160447e-03 -1.364923e+00 9.681045e-01 -1.021485e-02 2.503385e-01 3.816609e-01
3.004245e-01 -1.849375e-02 -9.536263e-01 -7.460227e+01 1.208544e-02 9.998056e-01 -1.558199e-02 -1.373463e+00 9.537290e-01 -6.843787e-03 3.005896e-01 5.548419e-01
3.518943e-01 -2.559264e-02 -9.356898e-01 -7.501374e+01 1.118612e-02 9.996698e-01 -2.313572e-02 -1.388034e+00 9.359729e-01 -2.325415e-03 3.520644e-01 7.466580e-01
4.048172e-01 -3.212061e-02 -9.138333e-01 -7.543698e+01 1.168825e-02 9.994830e-01 -2.995338e-02 -1.410779e+00 9.143229e-01 1.444532e-03 4.049833e-01 9.560395e-01
4.569080e-01 -3.289159e-02 -8.889057e-01 -7.583915e+01 1.192450e-02 9.994528e-01 -3.085276e-02 -1.427800e+00 8.894340e-01 3.497121e-03 4.570502e-01 1.176740e+00
5.058348e-01 -3.556402e-02 -8.618970e-01 -7.623734e+01 1.363117e-02 9.993546e-01 -3.323593e-02 -1.449702e+00 8.625227e-01 5.063226e-03 5.059931e-01 1.433070e+00
5.512534e-01 -4.429068e-02 -8.331615e-01 -7.661098e+01 1.919030e-02 9.989989e-01 -4.040948e-02 -1.480634e+00 8.341172e-01 6.287239e-03 5.515515e-01 1.720047e+00
5.948670e-01 -5.562638e-02 -8.018971e-01 -7.694776e+01 2.614009e-02 9.984137e-01 -4.986707e-02 -1.510266e+00 8.033990e-01 8.702613e-03 5.953774e-01 2.040143e+00
6.374463e-01 -5.800446e-02 -7.683083e-01 -7.725489e+01 2.481130e-02 9.981904e-01 -5.477440e-02 -1.544088e+00 7.700952e-01 1.585300e-02 6.377320e-01 2.354985e+00
6.797773e-01 -5.386766e-02 -7.314377e-01 -7.759260e+01 1.726884e-02 9.981982e-01 -5.746441e-02 -1.589176e+00 7.332152e-01 2.643192e-02 6.794827e-01 2.677798e+00
7.208051e-01 -4.934614e-02 -6.913791e-01 -7.787818e+01 6.636835e-03 9.979082e-01 -6.430489e-02 -1.622993e+00 6.931060e-01 4.176272e-02 7.196248e-01 3.007828e+00
7.606165e-01 -4.124688e-02 -6.478898e-01 -7.816081e+01 -3.178003e-03 9.977311e-01 -6.724993e-02 -1.655886e+00 6.491937e-01 5.321040e-02 7.587597e-01 3.368025e+00
7.976920e-01 -3.704172e-02 -6.019264e-01 -7.842019e+01 -6.100994e-03 9.975651e-01 -6.947401e-02 -1.696699e+00 6.030342e-01 5.909121e-02 7.955237e-01 3.777876e+00
8.320038e-01 -3.316821e-02 -5.537776e-01 -7.867065e+01 -8.038168e-03 9.973856e-01 -7.181453e-02 -1.724117e+00 5.547117e-01 6.420132e-02 8.295620e-01 4.205036e+00
8.629350e-01 -2.502493e-02 -5.046949e-01 -7.892095e+01 -1.291099e-02 9.973550e-01 -7.152854e-02 -1.773340e+00 5.051500e-01 6.824059e-02 8.603294e-01 4.672351e+00
8.891194e-01 -2.040211e-02 -4.572204e-01 -7.913189e+01 -1.321182e-02 9.974454e-01 -7.020002e-02 -1.818252e+00 4.574846e-01 6.845691e-02 8.865785e-01 5.133027e+00
9.106651e-01 -1.067290e-02 -4.130075e-01 -7.935441e+01 -1.852679e-02 9.976057e-01 -6.663088e-02 -1.861442e+00 4.127298e-01 6.833012e-02 9.082869e-01 5.615869e+00
9.282394e-01 -2.597615e-03 -3.719742e-01 -7.954324e+01 -2.367286e-02 9.975361e-01 -6.604032e-02 -1.906325e+00 3.712292e-01 7.010693e-02 9.258909e-01 6.129195e+00
9.416854e-01 4.939367e-03 -3.364583e-01 -7.972942e+01 -2.766137e-02 9.976444e-01 -6.277322e-02 -1.948450e+00 3.353557e-01 6.841952e-02 9.396038e-01 6.717200e+00
9.518801e-01 7.066742e-03 -3.063893e-01 -7.990943e+01 -2.691727e-02 9.977984e-01 -6.061189e-02 -1.993225e+00 3.052864e-01 6.594241e-02 9.499746e-01 7.298852e+00
9.593332e-01 7.245129e-03 -2.821833e-01 -8.006805e+01 -2.496866e-02 9.979301e-01 -5.926338e-02 -2.053481e+00 2.811698e-01 6.389906e-02 9.575283e-01 7.893914e+00
9.652666e-01 8.620481e-03 -2.611245e-01 -8.023130e+01 -2.441440e-02 9.980584e-01 -5.730087e-02 -2.099508e+00 2.601235e-01 6.168582e-02 9.636029e-01 8.516152e+00
9.699400e-01 1.147521e-02 -2.430736e-01 -8.038229e+01 -2.546426e-02 9.981897e-01 -5.448707e-02 -2.138635e+00 2.420083e-01 5.903887e-02 9.684763e-01 9.135511e+00
9.736098e-01 1.679531e-02 -2.276004e-01 -8.055103e+01 -2.931486e-02 9.982303e-01 -5.173827e-02 -2.183524e+00 2.263286e-01 5.704496e-02 9.723792e-01 9.793063e+00
9.765079e-01 2.112147e-02 -2.144438e-01 -8.070339e+01 -3.247354e-02 9.982435e-01 -4.955282e-02 -2.229814e+00 2.130205e-01 5.535248e-02 9.754785e-01 1.046880e+01
9.792999e-01 2.066485e-02 -2.013570e-01 -8.083777e+01 -3.129198e-02 9.982720e-01 -4.973797e-02 -2.280211e+00 1.999812e-01 5.500925e-02 9.782543e-01 1.114354e+01
9.819933e-01 2.110417e-02 -1.877334e-01 -8.096318e+01 -3.096057e-02 9.982829e-01 -4.972550e-02 -2.330611e+00 1.863616e-01 5.464244e-02 9.809605e-01 1.183645e+01
9.846090e-01 2.159010e-02 -1.734331e-01 -8.109207e+01 -3.050363e-02 9.983380e-01 -4.889452e-02 -2.378476e+00 1.720892e-01 5.343232e-02 9.836312e-01 1.255846e+01
9.869741e-01 2.346081e-02 -1.591592e-01 -8.121759e+01 -3.147412e-02 9.983506e-01 -4.801504e-02 -2.419792e+00 1.577702e-01 5.239900e-02 9.860846e-01 1.328684e+01
9.889284e-01 2.445435e-02 -1.463644e-01 -8.133454e+01 -3.211511e-02 9.982223e-01 -5.020802e-02 -2.476409e+00 1.448764e-01 5.435264e-02 9.879558e-01 1.401802e+01
9.904901e-01 2.643412e-02 -1.350210e-01 -8.144912e+01 -3.409460e-02 9.979183e-01 -5.474161e-02 -2.535540e+00 1.332929e-01 5.882450e-02 9.893294e-01 1.476919e+01
9.918261e-01 2.551402e-02 -1.250201e-01 -8.154744e+01 -3.337070e-02 9.975701e-01 -6.115738e-02 -2.577011e+00 1.231560e-01 6.482949e-02 9.902675e-01 1.552759e+01
9.928273e-01 2.659858e-02 -1.165612e-01 -8.165707e+01 -3.388577e-02 9.975631e-01 -6.098906e-02 -2.632005e+00 1.146549e-01 6.450137e-02 9.913092e-01 1.631953e+01
9.935244e-01 2.838253e-02 -1.100166e-01 -8.175070e+01 -3.454600e-02 9.979145e-01 -5.452776e-02 -2.683613e+00 1.082395e-01 5.797530e-02 9.924329e-01 1.711469e+01
9.939442e-01 3.290628e-02 -1.048431e-01 -8.185567e+01 -3.784633e-02 9.982480e-01 -4.548245e-02 -2.747144e+00 1.031627e-01 4.917494e-02 9.934482e-01 1.791533e+01
9.943628e-01 3.360792e-02 -1.005645e-01 -8.194500e+01 -3.792995e-02 9.984233e-01 -4.137842e-02 -2.805944e+00 9.901528e-02 4.495956e-02 9.940697e-01 1.871341e+01
9.947578e-01 3.263774e-02 -9.691091e-02 -8.202822e+01 -3.688129e-02 9.984230e-01 -4.232427e-02 -2.861015e+00 9.537671e-02 4.567659e-02 9.943927e-01 1.950406e+01
9.950680e-01 3.385654e-02 -9.323804e-02 -8.212251e+01 -3.802196e-02 9.983398e-01 -4.326676e-02 -2.904371e+00 9.161838e-02 4.659846e-02 9.947033e-01 2.029261e+01
9.954197e-01 3.209507e-02 -9.005319e-02 -8.222015e+01 -3.592448e-02 9.985036e-01 -4.122994e-02 -2.950507e+00 8.859516e-02 4.427621e-02 9.950832e-01 2.112084e+01
9.956774e-01 2.992792e-02 -8.792501e-02 -8.228418e+01 -3.344613e-02 9.986865e-01 -3.881657e-02 -3.003343e+00 8.664782e-02 4.158953e-02 9.953705e-01 2.191112e+01
9.964883e-01 2.477916e-02 -7.998133e-02 -8.258639e+01 -2.828557e-02 9.986742e-01 -4.300927e-02 -2.993323e+00 7.880955e-02 4.512056e-02 9.958681e-01 2.330748e+01
9.967242e-01 2.342888e-02 -7.740788e-02 -8.265144e+01 -2.710454e-02 9.985374e-01 -4.677996e-02 -3.046247e+00 7.619866e-02 4.872483e-02 9.959014e-01 2.408930e+01
9.967639e-01 2.687634e-02 -7.575852e-02 -8.271853e+01 -3.103515e-02 9.980442e-01 -5.426369e-02 -3.091957e+00 7.415195e-02 5.643927e-02 9.956486e-01 2.485383e+01
9.968664e-01 2.882267e-02 -7.366626e-02 -8.279030e+01 -3.338630e-02 9.975492e-01 -6.148885e-02 -3.152621e+00 7.171345e-02 6.375561e-02 9.953856e-01 2.562354e+01
9.969219e-01 2.886319e-02 -7.289437e-02 -8.283838e+01 -3.368627e-02 9.972623e-01 -6.582681e-02 -3.209079e+00 7.079484e-02 6.807973e-02 9.951649e-01 2.639598e+01
9.969996e-01 2.965825e-02 -7.150020e-02 -8.287885e+01 -3.423959e-02 9.973800e-01 -6.372446e-02 -3.278457e+00 6.942292e-02 6.598139e-02 9.954029e-01 2.719028e+01
9.970579e-01 3.233921e-02 -6.949558e-02 -8.293476e+01 -3.651046e-02 9.975535e-01 -5.961463e-02 -3.338206e+00 6.739767e-02 6.197656e-02 9.957994e-01 2.795150e+01
9.970621e-01 3.501946e-02 -6.812323e-02 -8.297547e+01 -3.875093e-02 9.977753e-01 -5.424778e-02 -3.400762e+00 6.607195e-02 5.672824e-02 9.962010e-01 2.872015e+01
9.972584e-01 3.290940e-02 -6.627724e-02 -8.300876e+01 -3.643745e-02 9.979430e-01 -5.274584e-02 -3.452701e+00 6.440507e-02 5.501620e-02 9.964061e-01 2.947375e+01
9.973723e-01 3.052901e-02 -6.570041e-02 -8.304090e+01 -3.405282e-02 9.980031e-01 -5.320038e-02 -3.516065e+00 6.394505e-02 5.529787e-02 9.964202e-01 3.025445e+01
9.972454e-01 3.165590e-02 -6.707785e-02 -8.295442e+01 -3.535502e-02 9.978769e-01 -5.469672e-02 -3.638093e+00 6.520396e-02 5.691759e-02 9.962474e-01 3.135659e+01
9.972931e-01 3.236373e-02 -6.602302e-02 -8.300722e+01 -3.610180e-02 9.977647e-01 -5.623323e-02 -3.702783e+00 6.405552e-02 5.846456e-02 9.962323e-01 3.214146e+01
9.973860e-01 2.983367e-02 -6.581149e-02 -8.304569e+01 -3.365328e-02 9.977657e-01 -5.771469e-02 -3.767847e+00 6.394261e-02 5.977859e-02 9.961616e-01 3.293731e+01
9.974413e-01 2.958407e-02 -6.508105e-02 -8.309540e+01 -3.336686e-02 9.977689e-01 -5.782676e-02 -3.821372e+00 6.322510e-02 5.985035e-02 9.962031e-01 3.369985e+01
9.974011e-01 3.252116e-02 -6.429172e-02 -8.315929e+01 -3.620090e-02 9.977220e-01 -5.692402e-02 -3.873110e+00 6.229402e-02 5.910350e-02 9.963063e-01 3.447946e+01
9.974135e-01 3.252274e-02 -6.409763e-02 -8.322354e+01 -3.624832e-02 9.976673e-01 -5.784444e-02 -3.931710e+00 6.206685e-02 6.001826e-02 9.962658e-01 3.525423e+01
9.973546e-01 3.161713e-02 -6.545387e-02 -8.329161e+01 -3.544420e-02 9.976779e-01 -5.815886e-02 -3.991142e+00 6.346307e-02 6.032497e-02 9.961593e-01 3.605101e+01
9.973014e-01 2.986388e-02 -6.706740e-02 -8.336462e+01 -3.377823e-02 9.977444e-01 -5.800970e-02 -4.050946e+00 6.518373e-02 6.011857e-02 9.960607e-01 3.685856e+01
9.970373e-01 3.104215e-02 -7.037745e-02 -8.342647e+01 -3.517630e-02 9.976801e-01 -5.828500e-02 -4.103160e+00 6.840489e-02 6.058794e-02 9.958162e-01 3.766519e+01
9.967204e-01 3.414117e-02 -7.336770e-02 -8.350486e+01 -3.846995e-02 9.975505e-01 -5.842135e-02 -4.160676e+00 7.119341e-02 6.105221e-02 9.955923e-01 3.847799e+01
9.965208e-01 3.461716e-02 -7.581500e-02 -8.357807e+01 -3.949087e-02 9.971837e-01 -6.375796e-02 -4.213790e+00 7.339436e-02 6.653013e-02 9.950814e-01 3.928153e+01
9.963429e-01 3.456457e-02 -7.814128e-02 -8.365236e+01 -3.991890e-02 9.968843e-01 -6.803103e-02 -4.261988e+00 7.554635e-02 7.090155e-02 9.946184e-01 4.008160e+01
9.962795e-01 3.264601e-02 -7.975877e-02 -8.373549e+01 -3.829183e-02 9.967897e-01 -7.031403e-02 -4.320293e+00 7.720725e-02 7.310653e-02 9.943312e-01 4.092870e+01
9.960518e-01 3.239334e-02 -8.265325e-02 -8.381484e+01 -3.820090e-02 9.968378e-01 -6.967858e-02 -4.379699e+00 8.013476e-02 7.256091e-02 9.941395e-01 4.179919e+01
9.959332e-01 3.050583e-02 -8.477240e-02 -8.388946e+01 -3.639944e-02 9.969614e-01 -6.887009e-02 -4.463820e+00 8.241387e-02 7.167568e-02 9.940174e-01 4.264580e+01
9.959358e-01 2.833750e-02 -8.549205e-02 -8.401751e+01 -3.418379e-02 9.971190e-01 -6.771394e-02 -4.530167e+00 8.332691e-02 7.036118e-02 9.940352e-01 4.361235e+01
9.958595e-01 2.740541e-02 -8.667625e-02 -8.409224e+01 -3.299851e-02 9.974190e-01 -6.376829e-02 -4.609934e+00 8.470494e-02 6.636445e-02 9.941936e-01 4.447131e+01
9.957137e-01 2.615056e-02 -8.871545e-02 -8.414858e+01 -3.147533e-02 9.977520e-01 -5.916268e-02 -4.684195e+00 8.696888e-02 6.170143e-02 9.942984e-01 4.539201e+01
9.957270e-01 2.582684e-02 -8.866019e-02 -8.421773e+01 -3.100275e-02 9.978636e-01 -5.750730e-02 -4.744208e+00 8.698554e-02 6.001028e-02 9.944005e-01 4.626226e+01
9.957665e-01 2.923431e-02 -8.714607e-02 -8.429187e+01 -3.427149e-02 9.977928e-01 -5.687706e-02 -4.815161e+00 8.529096e-02 5.962290e-02 9.945705e-01 4.711943e+01
9.958485e-01 2.960000e-02 -8.607859e-02 -8.435471e+01 -3.468637e-02 9.977017e-01 -5.820732e-02 -4.877022e+00 8.415782e-02 6.095143e-02 9.945865e-01 4.800414e+01
9.960212e-01 2.776411e-02 -8.468149e-02 -8.442428e+01 -3.292652e-02 9.976438e-01 -6.018803e-02 -4.954893e+00 8.281090e-02 6.273682e-02 9.945886e-01 4.888384e+01
9.962708e-01 2.423320e-02 -8.280836e-02 -8.449453e+01 -2.939535e-02 9.976618e-01 -6.169897e-02 -5.032656e+00 8.111958e-02 6.390306e-02 9.946537e-01 4.975193e+01
9.964155e-01 2.279273e-02 -8.146501e-02 -8.455854e+01 -2.790130e-02 9.976779e-01 -6.213079e-02 -5.102039e+00 7.985971e-02 6.418106e-02 9.947378e-01 5.064704e+01
9.965272e-01 2.046704e-02 -8.071281e-02 -8.462355e+01 -2.532799e-02 9.978969e-01 -5.966877e-02 -5.174623e+00 7.932181e-02 6.150585e-02 9.949498e-01 5.153322e+01
9.966360e-01 1.725097e-02 -8.011955e-02 -8.469016e+01 -2.187322e-02 9.981244e-01 -5.717733e-02 -5.246803e+00 7.898292e-02 5.873745e-02 9.951440e-01 5.241676e+01
9.967135e-01 1.746490e-02 -7.910231e-02 -8.476584e+01 -2.199696e-02 9.981438e-01 -5.678958e-02 -5.317724e+00 7.796366e-02 5.834295e-02 9.952476e-01 5.329629e+01
9.967727e-01 1.808275e-02 -7.821192e-02 -8.486468e+01 -2.280970e-02 9.979394e-01 -5.997301e-02 -5.394622e+00 7.696628e-02 6.156345e-02 9.951312e-01 5.418878e+01
9.967128e-01 2.201809e-02 -7.796689e-02 -8.498496e+01 -2.732124e-02 9.973371e-01 -6.761812e-02 -5.435541e+00 7.627046e-02 6.952600e-02 9.946602e-01 5.518142e+01
9.967773e-01 2.353710e-02 -7.668824e-02 -8.507169e+01 -2.916878e-02 9.968933e-01 -7.316374e-02 -5.504037e+00 7.472793e-02 7.516486e-02 9.943671e-01 5.605729e+01
9.967174e-01 2.846777e-02 -7.578927e-02 -8.515958e+01 -3.442005e-02 9.963255e-01 -7.842659e-02 -5.586186e+00 7.327816e-02 8.077782e-02 9.940348e-01 5.690949e+01
9.967951e-01 2.818108e-02 -7.486836e-02 -8.523074e+01 -3.411660e-02 9.962730e-01 -7.922199e-02 -5.666942e+00 7.235677e-02 8.152235e-02 9.940416e-01 5.775633e+01
9.969207e-01 2.425311e-02 -7.457160e-02 -8.529451e+01 -2.975714e-02 9.968433e-01 -7.360653e-02 -5.747248e+00 7.255101e-02 7.559891e-02 9.944954e-01 5.862174e+01
9.969250e-01 2.272327e-02 -7.499522e-02 -8.536796e+01 -2.759375e-02 9.975322e-01 -6.456016e-02 -5.828990e+00 7.334313e-02 6.643104e-02 9.950918e-01 5.949171e+01
9.968802e-01 2.094816e-02 -7.609829e-02 -8.544653e+01 -2.535141e-02 9.980313e-01 -5.736524e-02 -5.906359e+00 7.474678e-02 5.911547e-02 9.954488e-01 6.041633e+01
9.967031e-01 1.903985e-02 -7.886911e-02 -8.551533e+01 -2.393654e-02 9.978130e-01 -6.161374e-02 -5.950636e+00 7.752351e-02 6.329846e-02 9.949791e-01 6.132099e+01
9.966853e-01 1.975501e-02 -7.891819e-02 -8.558644e+01 -2.524623e-02 9.972832e-01 -6.920085e-02 -5.974438e+00 7.733673e-02 7.096386e-02 9.944763e-01 6.241820e+01
9.965127e-01 1.700697e-02 -8.169020e-02 -8.565432e+01 -2.294201e-02 9.971210e-01 -7.227303e-02 -6.038773e+00 8.022587e-02 7.389513e-02 9.940339e-01 6.335534e+01
9.962004e-01 1.878063e-02 -8.504204e-02 -8.571610e+01 -2.514721e-02 9.969097e-01 -7.442289e-02 -6.120211e+00 8.338152e-02 7.627868e-02 9.935940e-01 6.424138e+01
9.936637e-01 1.960739e-02 -1.106706e-01 -8.551933e+01 -2.836541e-02 9.965400e-01 -7.812499e-02 -6.236307e+00 1.087558e-01 8.076918e-02 9.907818e-01 6.532887e+01
9.931715e-01 1.693361e-02 -1.154280e-01 -8.560101e+01 -2.640025e-02 9.963656e-01 -8.098474e-02 -6.328230e+00 1.136371e-01 8.347907e-02 9.900090e-01 6.632661e+01
9.927122e-01 1.841911e-02 -1.190933e-01 -8.569861e+01 -2.869696e-02 9.959530e-01 -8.517061e-02 -6.418303e+00 1.170426e-01 8.796752e-02 9.892233e-01 6.729649e+01
9.914425e-01 2.122126e-02 -1.288075e-01 -8.566981e+01 -3.264790e-02 9.956506e-01 -8.725848e-02 -6.589806e+00 1.263956e-01 9.071706e-02 9.878231e-01 6.909239e+01
9.905679e-01 2.192474e-02 -1.352572e-01 -8.574281e+01 -3.373981e-02 9.957505e-01 -8.568865e-02 -6.717503e+00 1.328037e-01 8.944398e-02 9.870982e-01 7.019886e+01
9.898649e-01 2.223544e-02 -1.402607e-01 -8.578223e+01 -3.361099e-02 9.962870e-01 -7.926286e-02 -6.787719e+00 1.379774e-01 8.317382e-02 9.869368e-01 7.083290e+01
9.875709e-01 9.824468e-03 -1.568669e-01 -8.568677e+01 -2.330635e-02 9.961646e-01 -8.433825e-02 -6.877652e+00 1.554367e-01 8.694600e-02 9.840121e-01 7.244495e+01
9.857799e-01 1.120322e-02 -1.676680e-01 -8.577346e+01 -2.604161e-02 9.959059e-01 -8.656360e-02 -6.876270e+00 1.660118e-01 8.969900e-02 9.820357e-01 7.407759e+01
9.838841e-01 9.266298e-03 -1.785673e-01 -8.592800e+01 -2.547059e-02 9.957355e-01 -8.866865e-02 -7.001354e+00 1.769842e-01 9.178789e-02 9.799243e-01 7.573789e+01
9.827476e-01 5.454942e-03 -1.848713e-01 -8.607612e+01 -2.164565e-02 9.960881e-01 -8.567369e-02 -7.101785e+00 1.836808e-01 8.819728e-02 9.790213e-01 7.654849e+01
9.814446e-01 5.291680e-03 -1.916728e-01 -8.623028e+01 -2.229309e-02 9.959891e-01 -8.665277e-02 -7.177049e+00 1.904455e-01 8.931788e-02 9.776261e-01 7.736714e+01
9.795390e-01 7.757438e-03 -2.011046e-01 -8.639203e+01 -2.561787e-02 9.959344e-01 -8.636204e-02 -7.353326e+00 1.996171e-01 8.974687e-02 9.757554e-01 7.858638e+01
9.774891e-01 1.014490e-02 -2.107419e-01 -8.654392e+01 -2.973233e-02 9.954991e-01 -8.998584e-02 -7.551379e+00 2.088805e-01 9.422603e-02 9.733912e-01 7.995382e+01
9.761468e-01 8.586176e-03 -2.169416e-01 -8.672352e+01 -2.945926e-02 9.952147e-01 -9.316549e-02 -7.645814e+00 2.151035e-01 9.733414e-02 9.717286e-01 8.076942e+01
9.748120e-01 9.553666e-03 -2.228234e-01 -8.690907e+01 -3.128701e-02 9.950605e-01 -9.421130e-02 -7.745723e+00 2.208227e-01 9.880979e-02 9.702958e-01 8.160258e+01
9.735081e-01 1.008878e-02 -2.284298e-01 -8.709240e+01 -3.131712e-02 9.954945e-01 -8.949856e-02 -7.838841e+00 2.264977e-01 9.428134e-02 9.694379e-01 8.244601e+01
9.718449e-01 1.015652e-02 -2.354025e-01 -8.728075e+01 -3.114016e-02 9.958433e-01 -8.559425e-02 -7.934097e+00 2.335546e-01 9.051480e-02 9.681215e-01 8.329407e+01
9.700748e-01 7.558452e-03 -2.426886e-01 -8.745366e+01 -2.873669e-02 9.960644e-01 -8.384423e-02 -8.045746e+00 2.410997e-01 8.830925e-02 9.664742e-01 8.415293e+01
9.683397e-01 3.520524e-03 -2.496113e-01 -8.764943e+01 -2.631252e-02 9.957700e-01 -8.803217e-02 -8.143027e+00 2.482455e-01 9.181295e-02 9.643363e-01 8.491617e+01
9.661318e-01 8.857535e-04 -2.580476e-01 -8.784481e+01 -2.632816e-02 9.951140e-01 -9.515707e-02 -8.234304e+00 2.567025e-01 9.872819e-02 9.614346e-01 8.566818e+01
9.637205e-01 -4.015634e-03 -2.668833e-01 -8.805137e+01 -2.286587e-02 9.949689e-01 -9.753976e-02 -8.338346e+00 2.659323e-01 1.001036e-01 9.587801e-01 8.640831e+01
9.607102e-01 -6.632413e-03 -2.774741e-01 -8.826486e+01 -2.063172e-02 9.952421e-01 -9.522315e-02 -8.433695e+00 2.767855e-01 9.720662e-02 9.560024e-01 8.715198e+01
9.574207e-01 -9.130947e-03 -2.885518e-01 -8.849106e+01 -1.767755e-02 9.957700e-01 -9.016464e-02 -8.510945e+00 2.881545e-01 9.142638e-02 9.532094e-01 8.787949e+01
9.536693e-01 -1.027871e-02 -3.006811e-01 -8.872468e+01 -1.549754e-02 9.964111e-01 -8.321556e-02 -8.595661e+00 3.004574e-01 8.401995e-02 9.500874e-01 8.863065e+01
9.413702e-01 5.632371e-02 -3.326405e-01 -8.864265e+01 -8.290638e-02 9.943523e-01 -6.625768e-02 -9.242272e+00 3.270299e-01 8.995103e-02 9.407232e-01 9.012275e+01
9.370605e-01 6.016758e-02 -3.439439e-01 -8.891756e+01 -8.912032e-02 9.936290e-01 -6.898474e-02 -9.309008e+00 3.376020e-01 9.529527e-02 9.364527e-01 9.083446e+01
9.325945e-01 6.061819e-02 -3.557990e-01 -8.920347e+01 -9.399864e-02 9.925687e-01 -7.727647e-02 -9.384940e+00 3.484706e-01 1.055122e-01 9.313621e-01 9.156761e+01
9.279516e-01 5.830045e-02 -3.681125e-01 -8.948350e+01 -9.515367e-02 9.920169e-01 -8.275451e-02 -9.457315e+00 3.603492e-01 1.118194e-01 9.260912e-01 9.230437e+01
9.235144e-01 5.377420e-02 -3.797756e-01 -8.976803e+01 -9.062405e-02 9.926816e-01 -7.981544e-02 -9.520000e+00 3.727043e-01 1.081275e-01 9.216290e-01 9.299933e+01
9.187926e-01 5.309774e-02 -3.911531e-01 -9.010484e+01 -8.850191e-02 9.933948e-01 -7.303502e-02 -9.597615e+00 3.846915e-01 1.017218e-01 9.174231e-01 9.379198e+01
9.130326e-01 4.979301e-02 -4.048359e-01 -9.047334e+01 -8.487854e-02 9.939874e-01 -6.917186e-02 -9.686156e+00 3.989575e-01 9.751805e-02 9.117692e-01 9.469490e+01
