9.999760e-01 7.338079e-04 -6.895866e-03 -1.621773e-02 -7.389394e-04 9.999995e-01 -7.416260e-04 9.550499e-03 6.895318e-03 7.467038e-04 9.999759e-01 1.388174e-01
9.999036e-01 1.497295e-03 -1.380071e-02 -3.694157e-02 -1.512100e-03 9.999983e-01 -1.062396e-03 7.866909e-03 1.379910e-02 1.083162e-03 9.999042e-01 2.564395e-01
9.997793e-01 2.577268e-03 -2.085049e-02 -6.708063e-02 -2.617986e-03 9.999947e-01 -1.925762e-03 3.307215e-03 2.084542e-02 1.979924e-03 9.997808e-01 3.995957e-01
9.995333e-01 3.757618e-03 -3.031635e-02 -9.145842e-02 -3.869510e-03 9.999859e-01 -3.632997e-03 2.663498e-03 3.030228e-02 3.748611e-03 9.995338e-01 5.385835e-01
9.991390e-01 3.826374e-03 -4.131095e-02 -1.261832e-01 -4.039947e-03 9.999789e-01 -5.087642e-03 -3.046142e-03 4.129061e-02 5.250156e-03 9.991334e-01 6.959773e-01
9.984906e-01 3.367924e-03 -5.481973e-02 -1.597856e-01 -3.747066e-03 9.999698e-01 -6.814850e-03 2.900281e-03 5.479512e-02 7.009977e-03 9.984730e-01 8.668161e-01
9.974305e-01 2.594410e-03 -7.159440e-02 -1.907874e-01 -3.087570e-03 9.999723e-01 -6.778443e-03 2.862473e-03 7.157482e-02 6.982078e-03 9.974108e-01 1.043280e+00
9.959673e-01 1.445551e-03 -8.970571e-02 -2.322388e-01 -2.087577e-03 9.999729e-01 -7.063611e-03 -5.554114e-03 8.969306e-02 7.222393e-03 9.959433e-01 1.208042e+00
9.940294e-01 -1.172772e-04 -1.091124e-01 -2.832801e-01 -6.858709e-04 9.999729e-01 -7.323180e-03 -1.124165e-02 1.091103e-01 7.354293e-03 9.940024e-01 1.381155e+00
9.913415e-01 -3.936402e-04 -1.313087e-01 -3.313594e-01 -5.766517e-04 9.999728e-01 -7.351292e-03 -1.780115e-02 1.313080e-01 7.363359e-03 9.913143e-01 1.559281e+00
9.878693e-01 2.962335e-03 -1.552593e-01 -3.949134e-01 -4.319410e-03 9.999554e-01 -8.404072e-03 -2.534023e-02 1.552274e-01 8.972753e-03 9.878380e-01 1.753112e+00
9.835489e-01 7.414185e-03 -1.804897e-01 -4.648804e-01 -9.315174e-03 9.999097e-01 -9.687059e-03 -2.644165e-02 1.804015e-01 1.120899e-02 9.835292e-01 1.943228e+00
9.781808e-01 1.037382e-02 -2.074964e-01 -5.409785e-01 -1.282226e-02 9.998631e-01 -1.045844e-02 -3.254677e-02 2.073595e-01 1.289082e-02 9.781799e-01 2.143778e+00
9.714299e-01 1.071618e-02 -2.370846e-01 -6.164618e-01 -1.363594e-02 9.998500e-01 -1.067887e-02 -4.099600e-02 2.369346e-01 1.360665e-02 9.714303e-01 2.361709e+00
9.635062e-01 1.205273e-02 -2.674146e-01 -7.127162e-01 -1.540300e-02 9.998269e-01 -1.043412e-02 -4.750581e-02 2.672426e-01 1.417233e-02 9.635251e-01 2.564452e+00
9.541489e-01 1.354181e-02 -2.990260e-01 -8.187550e-01 -1.718792e-02 9.998065e-01 -9.566548e-03 -4.855879e-02 2.988386e-01 1.426755e-02 9.541970e-01 2.781931e+00
9.429730e-01 1.519476e-02 -3.325223e-01 -9.312478e-01 -1.895281e-02 9.997879e-01 -8.060968e-03 -6.033241e-02 3.323293e-01 1.390351e-02 9.430609e-01 3.000206e+00
9.306642e-01 1.751434e-02 -3.654550e-01 -1.055039e+00 -2.167743e-02 9.997384e-01 -7.291309e-03 -6.520736e-02 3.652317e-01 1.470788e-02 9.308005e-01 3.199206e+00
9.169994e-01 1.939456e-02 -3.984169e-01 -1.195233e+00 -2.413474e-02 9.996850e-01 -6.884979e-03 -6.655553e-02 3.981579e-01 1.592921e-02 9.171786e-01 3.409945e+00
9.011871e-01 1.940881e-02 -4.329955e-01 -1.344901e+00 -2.484586e-02 9.996675e-01 -6.901730e-03 -6.840814e-02 4.327176e-01 1.697790e-02 9.013697e-01 3.624027e+00
8.828607e-01 1.426669e-02 -4.694182e-01 -1.489014e+00 -2.159549e-02 9.997144e-01 -1.023223e-02 -7.872497e-02 4.691382e-01 1.917095e-02 8.829167e-01 3.829561e+00
8.622293e-01 8.416393e-03 -5.064482e-01 -1.673309e+00 -1.790035e-02 9.997437e-01 -1.386118e-02 -8.320589e-02 5.062017e-01 2.101712e-02 8.621590e-01 4.049997e+00
8.372934e-01 8.414094e-03 -5.466890e-01 -1.857732e+00 -1.720635e-02 9.997918e-01 -1.096496e-02 -1.030165e-01 5.464830e-01 1.858741e-02 8.372639e-01 4.267902e+00
8.080661e-01 1.241325e-02 -5.889610e-01 -2.045515e+00 -1.958196e-02 9.997915e-01 -5.794706e-03 -1.153906e-01 5.887662e-01 1.621551e-02 8.081407e-01 4.449383e+00
7.752208e-01 1.523421e-02 -6.315066e-01 -2.272548e+00 -2.199022e-02 9.997540e-01 -2.876957e-03 -1.295129e-01 6.313074e-01 1.611725e-02 7.753652e-01 4.641135e+00
7.389957e-01 1.413370e-02 -6.735619e-01 -2.508971e+00 -2.203986e-02 9.997520e-01 -3.202629e-03 -1.453938e-01 6.733495e-01 1.721194e-02 7.391239e-01 4.827281e+00
6.985638e-01 7.484737e-03 -7.155086e-01 -2.753787e+00 -1.846744e-02 9.998008e-01 -7.571449e-03 -1.455912e-01 7.153094e-01 1.850275e-02 6.985628e-01 5.036824e+00
6.554124e-01 1.315614e-03 -7.552700e-01 -2.999863e+00 -1.526060e-02 9.998174e-01 -1.150134e-02 -1.542227e-01 7.551170e-01 1.906400e-02 6.553128e-01 5.215531e+00
6.102593e-01 -2.085788e-03 -7.921990e-01 -3.278446e+00 -1.293854e-02 9.998369e-01 -1.259950e-02 -1.586318e-01 7.920961e-01 1.793886e-02 6.101328e-01 5.384400e+00
5.608343e-01 -4.130429e-03 -8.279178e-01 -3.638297e+00 -1.103254e-02 9.998615e-01 -1.246173e-02 -1.658832e-01 8.278546e-01 1.612300e-02 5.607111e-01 5.587994e+00
5.085717e-01 -5.747742e-03 -8.610005e-01 -4.057925e+00 -9.859206e-03 9.998733e-01 -1.249840e-02 -1.740040e-01 8.609632e-01 1.484511e-02 5.084506e-01 5.782275e+00
4.538377e-01 -7.878440e-03 -8.910496e-01 -4.584710e+00 -7.741578e-03 9.998883e-01 -1.278378e-02 -1.719681e-01 8.910508e-01 1.269989e-02 4.537260e-01 5.997016e+00
3.984144e-01 -8.102520e-03 -9.171697e-01 -4.992169e+00 -6.140415e-03 9.999150e-01 -1.150088e-02 -1.816327e-01 9.171850e-01 1.021392e-02 3.983308e-01 6.133967e+00
3.423565e-01 -8.444210e-03 -9.395322e-01 -5.465469e+00 -4.900029e-03 9.999300e-01 -1.077257e-02 -1.885817e-01 9.395574e-01 8.291793e-03 3.422911e-01 6.261776e+00
2.862027e-01 -8.500322e-03 -9.581314e-01 -5.896478e+00 -2.081472e-03 9.999528e-01 -9.493106e-03 -2.001872e-01 9.581668e-01 4.711276e-03 2.861715e-01 6.358641e+00
2.316338e-01 -1.199218e-02 -9.727291e-01 -6.342877e+00 1.148599e-03 9.999267e-01 -1.205397e-02 -2.127523e-01 9.728024e-01 1.674832e-03 2.316306e-01 6.439085e+00
1.808087e-01 -1.311772e-02 -9.834308e-01 -6.749281e+00 5.125727e-04 9.999122e-01 -1.324332e-02 -2.075783e-01 9.835181e-01 1.890429e-03 1.807996e-01 6.452990e+00
1.331747e-01 -1.043825e-02 -9.910376e-01 -7.265821e+00 6.992313e-04 9.999453e-01 -1.043811e-02 -2.196148e-01 9.910923e-01 6.971276e-04 1.331747e-01 6.451943e+00
9.078220e-02 -7.754237e-03 -9.958406e-01 -7.799103e+00 6.006172e-05 9.999697e-01 -7.780914e-03 -2.283038e-01 9.958708e-01 6.465566e-04 9.077992e-02 6.440325e+00
5.311905e-02 -5.387697e-03 -9.985737e-01 -8.270838e+00 -1.745152e-03 9.999834e-01 -5.488136e-03 -2.367064e-01 9.985867e-01 2.034187e-03 5.310876e-02 6.422624e+00
1.816887e-02 -6.141271e-03 -9.998161e-01 -8.752071e+00 -4.355899e-03 9.999712e-01 -6.221380e-03 -2.491504e-01 9.998254e-01 4.468133e-03 1.814160e-02 6.410910e+00
-1.290286e-02 -5.862765e-03 -9.998996e-01 -9.263157e+00 -7.478627e-03 9.999554e-01 -5.766587e-03 -2.533634e-01 9.998888e-01 7.403470e-03 -1.294613e-02 6.371932e+00
-3.953682e-02 -5.242856e-03 -9.992044e-01 -9.791932e+00 -9.160374e-03 9.999461e-01 -4.884288e-03 -2.650190e-01 9.991761e-01 8.959976e-03 -3.958272e-02 6.328101e+00
-6.014755e-02 -4.796577e-03 -9.981780e-01 -1.029844e+01 -1.130021e-02 9.999276e-01 -4.124064e-03 -2.782075e-01 9.981255e-01 1.103157e-02 -6.019740e-02 6.269942e+00
-7.658752e-02 -4.960881e-03 -9.970505e-01 -1.083033e+01 -1.189606e-02 9.999210e-01 -4.061378e-03 -2.851252e-01 9.969919e-01 1.154992e-02 -7.664048e-02 6.216628e+00
-8.971988e-02 -5.632611e-03 -9.959511e-01 -1.137630e+01 -1.131960e-02 9.999252e-01 -4.635364e-03 -2.951556e-01 9.959027e-01 1.085789e-02 -8.977692e-02 6.161933e+00
-9.924019e-02 -4.710122e-03 -9.950524e-01 -1.195229e+01 -9.957641e-03 9.999434e-01 -3.740163e-03 -3.105958e-01 9.950137e-01 9.537200e-03 -9.928147e-02 6.091640e+00
-1.055167e-01 -2.825824e-03 -9.944135e-01 -1.254360e+01 -8.487534e-03 9.999621e-01 -1.940984e-03 -3.163519e-01 9.943813e-01 8.235313e-03 -1.055367e-01 6.005836e+00
-1.100108e-01 -2.768221e-03 -9.939265e-01 -1.313808e+01 -7.442913e-03 9.999704e-01 -1.961250e-03 -3.254536e-01 9.939025e-01 7.181950e-03 -1.100281e-01 5.929679e+00
-1.114799e-01 -4.516492e-03 -9.937564e-01 -1.375473e+01 -6.948241e-03 9.999688e-01 -3.765271e-03 -3.389505e-01 9.937424e-01 6.485108e-03 -1.115078e-01 5.856643e+00
-1.105366e-01 -6.740059e-03 -9.938492e-01 -1.439114e+01 -4.881216e-03 9.999686e-01 -6.238667e-03 -3.539658e-01 9.938601e-01 4.161591e-03 -1.105661e-01 5.787752e+00
-1.088098e-01 -5.749179e-03 -9.940460e-01 -1.506049e+01 -2.362494e-03 9.999819e-01 -5.524908e-03 -3.678315e-01 9.940598e-01 1.747263e-03 -1.088214e-01 5.711420e+00
-1.069439e-01 -3.621886e-03 -9.942585e-01 -1.575077e+01 -1.963802e-03 9.999922e-01 -3.431544e-03 -3.871087e-01 9.942631e-01 1.585544e-03 -1.069502e-01 5.632668e+00
-1.051069e-01 -1.433313e-03 -9.944599e-01 -1.646246e+01 -3.723959e-03 9.999925e-01 -1.047692e-03 -4.067551e-01 9.944540e-01 3.593208e-03 -1.051115e-01 5.557831e+00
-1.038513e-01 -1.722392e-03 -9.945913e-01 -1.717026e+01 -4.263410e-03 9.999901e-01 -1.286573e-03 -4.057044e-01 9.945837e-01 4.106738e-03 -1.038576e-01 5.482954e+00
-1.024332e-01 -3.055637e-03 -9.947352e-01 -1.789007e+01 -2.025128e-03 9.999939e-01 -2.863252e-03 -4.085637e-01 9.947378e-01 1.721174e-03 -1.024388e-01 5.417254e+00
-1.006477e-01 -2.886967e-03 -9.949179e-01 -1.863480e+01 1.621963e-03 9.999940e-01 -3.065777e-03 -4.245253e-01 9.949208e-01 -1.922284e-03 -1.006424e-01 5.346284e+00
-9.893386e-02 -2.745083e-03 -9.950902e-01 -1.938920e+01 3.957647e-03 9.999872e-01 -3.152070e-03 -4.467741e-01 9.950861e-01 -4.250062e-03 -9.892173e-02 5.272357e+00
-9.687180e-02 -9.098443e-04 -9.952965e-01 -2.014299e+01 3.585597e-03 9.999928e-01 -1.263122e-03 -4.578583e-01 9.952904e-01 -3.691093e-03 -9.686784e-02 5.187056e+00
-9.521236e-02 9.243248e-04 -9.954566e-01 -2.092691e+01 5.517946e-04 9.999995e-01 8.757656e-04 -4.651655e-01 9.954568e-01 -4.659038e-04 -9.521282e-02 5.113880e+00
-9.359582e-02 1.765903e-03 -9.956087e-01 -2.170222e+01 -1.210106e-04 9.999984e-01 1.785065e-03 -4.676496e-01 9.956103e-01 2.875538e-04 -9.359546e-02 5.029662e+00
-9.209437e-02 -1.449199e-03 -9.957492e-01 -2.250647e+01 1.793427e-03 9.999971e-01 -1.621251e-03 -4.761008e-01 9.957487e-01 -1.935112e-03 -9.209150e-02 4.946341e+00
-9.115231e-02 -3.480149e-03 -9.958309e-01 -2.333127e+01 3.765440e-03 9.999855e-01 -3.839334e-03 -4.932616e-01 9.958298e-01 -4.099705e-03 -9.113789e-02 4.872964e+00
-8.993136e-02 -4.215502e-03 -9.959390e-01 -2.417231e+01 5.083492e-03 9.999761e-01 -4.691619e-03 -5.080517e-01 9.959350e-01 -5.484772e-03 -8.990778e-02 4.791227e+00
-8.897342e-02 -4.666995e-03 -9.960231e-01 -2.505948e+01 -1.396200e-04 9.999891e-01 -4.673107e-03 -5.229572e-01 9.960340e-01 -2.767175e-04 -8.897310e-02 4.694818e+00
-8.864568e-02 -6.611213e-03 -9.960413e-01 -2.587543e+01 -7.471368e-03 9.999543e-01 -5.972249e-03 -5.425521e-01 9.960352e-01 6.912377e-03 -8.869102e-02 4.615865e+00
-8.900754e-02 -9.770460e-03 -9.959830e-01 -2.674311e+01 -1.259785e-02 9.998829e-01 -8.682892e-03 -5.509589e-01 9.959513e-01 1.177440e-02 -8.912021e-02 4.543940e+00
-8.909200e-02 -1.022639e-02 -9.959709e-01 -2.764352e+01 -1.190886e-02 9.998868e-01 -9.201324e-03 -5.694362e-01 9.959522e-01 1.104112e-02 -8.920370e-02 4.437253e+00
-8.878969e-02 -8.683497e-03 -9.960125e-01 -2.854364e+01 -4.295627e-03 9.999560e-01 -8.334943e-03 -5.936400e-01 9.960411e-01 3.538441e-03 -8.882309e-02 4.339114e+00
-8.821040e-02 -8.000121e-03 -9.960697e-01 -2.959017e+01 2.474879e-03 9.999629e-01 -8.250561e-03 -6.080659e-01 9.960988e-01 -3.192937e-03 -8.818733e-02 4.172332e+00
-8.558902e-02 -4.601385e-03 -9.963199e-01 -3.072908e+01 7.682702e-03 9.999566e-01 -5.278165e-03 -6.380797e-01 9.963009e-01 -8.106182e-03 -8.554995e-02 3.979703e+00
-8.601717e-02 -2.313647e-03 -9.962910e-01 -3.193436e+01 7.199651e-03 9.999697e-01 -2.943789e-03 -6.721277e-01 9.962676e-01 -7.426164e-03 -8.599791e-02 3.850306e+00
-8.630225e-02 -2.221773e-03 -9.962665e-01 -3.285198e+01 3.562509e-03 9.999904e-01 -2.538683e-03 -6.994109e-01 9.962626e-01 -3.768302e-03 -8.629351e-02 3.767353e+00
-8.674559e-02 -1.264344e-03 -9.962297e-01 -3.376521e+01 9.070004e-04 9.999987e-01 -1.348103e-03 -7.181152e-01 9.962301e-01 -1.020523e-03 -8.674433e-02 3.698614e+00
-8.706669e-02 4.335815e-04 -9.962024e-01 -3.474477e+01 2.295343e-03 9.999973e-01 2.346235e-04 -7.392398e-01 9.961998e-01 -2.266198e-03 -8.706745e-02 3.636622e+00
-8.702445e-02 2.006286e-03 -9.962042e-01 -3.566111e+01 5.159389e-03 9.999855e-01 1.563198e-03 -7.690358e-01 9.961928e-01 -5.003768e-03 -8.703353e-02 3.558181e+00
-8.690752e-02 1.753929e-03 -9.962148e-01 -3.653057e+01 3.617896e-03 9.999924e-01 1.444963e-03 -7.928949e-01 9.962098e-01 -3.478624e-03 -8.691321e-02 3.470226e+00
-8.688476e-02 2.090447e-03 -9.962162e-01 -3.737078e+01 -1.654032e-03 9.999961e-01 2.242635e-03 -8.073375e-01 9.962170e-01 1.842624e-03 -8.688096e-02 3.393160e+00
-8.681147e-02 3.304722e-03 -9.962193e-01 -3.821533e+01 -5.572621e-03 9.999772e-01 3.802791e-03 -8.206891e-01 9.962092e-01 5.881679e-03 -8.679108e-02 3.316421e+00
-8.620168e-02 3.504545e-03 -9.962715e-01 -3.907310e+01 -5.016539e-03 9.999796e-01 3.951641e-03 -8.300634e-01 9.962651e-01 5.338473e-03 -8.618234e-02 3.232905e+00
-8.566161e-02 2.062382e-03 -9.963222e-01 -3.993188e+01 -2.796679e-03 9.999934e-01 2.310434e-03 -8.442598e-01 9.963204e-01 2.984309e-03 -8.565528e-02 3.153571e+00
-8.522595e-02 2.030237e-03 -9.963596e-01 -4.077599e+01 2.207291e-03 9.999959e-01 1.848841e-03 -8.548148e-01 9.963592e-01 -2.041686e-03 -8.523008e-02 3.073414e+00
-8.484516e-02 1.356074e-03 -9.963932e-01 -4.161388e+01 7.678333e-03 9.999703e-01 7.071150e-04 -8.677672e-01 9.963646e-01 -7.590643e-03 -8.485305e-02 3.006164e+00
-8.518856e-02 1.423739e-03 -9.963638e-01 -4.244117e+01 1.090293e-02 9.999404e-01 4.966548e-04 -8.850911e-01 9.963052e-01 -1.082098e-02 -8.519901e-02 2.934902e+00
-8.509712e-02 9.579475e-04 -9.963722e-01 -4.328429e+01 1.089411e-02 9.999407e-01 3.094577e-05 -9.059971e-01 9.963131e-01 -1.085195e-02 -8.510251e-02 2.866820e+00
-8.486764e-02 1.047016e-03 -9.963917e-01 -4.409353e+01 6.738129e-03 9.999772e-01 4.768640e-04 -9.219281e-01 9.963695e-01 -6.673345e-03 -8.487276e-02 2.785554e+00
-8.408034e-02 1.865049e-03 -9.964572e-01 -4.493967e+01 2.457711e-03 9.999956e-01 1.664292e-03 -9.351957e-01 9.964559e-01 -2.309069e-03 -8.408455e-02 2.696133e+00
-8.379665e-02 5.438740e-03 -9.964680e-01 -4.576522e+01 4.289890e-04 9.999852e-01 5.421862e-03 -9.568666e-01 9.964828e-01 2.686002e-05 -8.379774e-02 2.613905e+00
-8.407666e-02 8.464899e-03 -9.964233e-01 -4.662414e+01 -1.131185e-03 9.999625e-01 8.590413e-03 -9.641879e-01 9.964586e-01 1.849392e-03 -8.406393e-02 2.531007e+00
-8.472319e-02 6.099748e-03 -9.963859e-01 -4.744992e+01 -3.350426e-03 9.999739e-01 6.406601e-03 -9.738027e-01 9.963989e-01 3.881105e-03 -8.470054e-02 2.449126e+00
-8.565077e-02 2.478514e-03 -9.963221e-01 -4.828277e+01 -7.960949e-03 9.999633e-01 3.171951e-03 -9.795970e-01 9.962934e-01 8.203350e-03 -8.562790e-02 2.368946e+00
-8.650329e-02 -1.624222e-03 -9.962502e-01 -4.911756e+01 -1.036288e-02 9.999460e-01 -7.304498e-04 -9.791608e-01 9.961977e-01 1.026084e-02 -8.651545e-02 2.303598e+00
-8.830574e-02 -2.321203e-03 -9.960907e-01 -4.998150e+01 -7.102322e-03 9.999733e-01 -1.700613e-03 -9.900195e-01 9.960681e-01 6.924383e-03 -8.831988e-02 2.221640e+00
-9.049369e-02 -5.038345e-03 -9.958843e-01 -5.082320e+01 -8.820163e-04 9.999872e-01 -4.978956e-03 -1.016357e+00 9.958966e-01 4.278221e-04 -9.049697e-02 2.152236e+00
-9.263711e-02 -7.946263e-03 -9.956682e-01 -5.168106e+01 2.483977e-03 9.999632e-01 -8.211650e-03 -1.043719e+00 9.956968e-01 -3.233920e-03 -9.261396e-02 2.084857e+00
-9.443907e-02 -8.769965e-03 -9.954920e-01 -5.253797e+01 1.443233e-03 9.999589e-01 -8.946232e-03 -1.077571e+00 9.955296e-01 -2.281600e-03 -9.442254e-02 2.022991e+00
-9.527543e-02 -6.610391e-03 -9.954290e-01 -5.351721e+01 -2.409460e-03 9.999766e-01 -6.409974e-03 -1.103381e+00 9.954480e-01 1.787734e-03 -9.528912e-02 1.918559e+00
-9.659975e-02 -2.174750e-03 -9.953209e-01 -5.456707e+01 -6.449183e-03 9.999780e-01 -1.559008e-03 -1.116947e+00 9.953024e-01 6.268407e-03 -9.661165e-02 1.833920e+00
-9.889848e-02 2.034093e-03 -9.950954e-01 -5.555217e+01 -7.272626e-03 9.999697e-01 2.766853e-03 -1.152216e+00 9.950710e-01 7.510595e-03 -9.888070e-02 1.798984e+00
-1.003369e-01 3.647503e-03 -9.949468e-01 -5.643759e+01 -6.120705e-03 9.999721e-01 4.283177e-03 -1.173064e+00 9.949347e-01 6.519537e-03 -1.003118e-01 1.728124e+00
-1.010515e-01 4.642975e-03 -9.948704e-01 -5.738506e+01 -5.063727e-03 9.999738e-01 5.181128e-03 -1.178872e+00 9.948683e-01 5.561313e-03 -1.010254e-01 1.626736e+00
-1.018180e-01 6.399853e-03 -9.947825e-01 -5.818957e+01 -5.237177e-03 9.999620e-01 6.969210e-03 -1.187536e+00 9.947893e-01 5.919443e-03 -1.017806e-01 1.531208e+00
-1.026426e-01 7.542165e-03 -9.946897e-01 -5.903750e+01 -5.098187e-03 9.999541e-01 8.108168e-03 -1.206161e+00 9.947052e-01 5.903358e-03 -1.025995e-01 1.456000e+00
-1.032839e-01 6.878788e-03 -9.946281e-01 -5.990245e+01 -3.546009e-03 9.999672e-01 7.283936e-03 -1.215901e+00 9.946456e-01 4.279274e-03 -1.032561e-01 1.373655e+00
-1.034062e-01 6.332548e-03 -9.946191e-01 -6.070743e+01 -6.357194e-04 9.999791e-01 6.432768e-03 -1.233784e+00 9.946390e-01 1.297486e-03 -1.034000e-01 1.283627e+00
-1.034134e-01 6.052643e-03 -9.946200e-01 -6.153029e+01 3.001093e-03 9.999788e-01 5.773221e-03 -1.234436e+00 9.946339e-01 -2.387919e-03 -1.034294e-01 1.190020e+00
-1.041895e-01 5.628856e-03 -9.945415e-01 -6.232554e+01 5.102148e-03 9.999739e-01 5.125094e-03 -1.248955e+00 9.945444e-01 -4.540317e-03 -1.042155e-01 1.107063e+00
-1.048032e-01 5.299159e-03 -9.944789e-01 -6.311615e+01 5.337126e-03 9.999744e-01 4.765989e-03 -1.280847e+00 9.944787e-01 -4.808168e-03 -1.048288e-01 1.012531e+00
-1.058966e-01 3.879644e-03 -9.943696e-01 -6.390214e+01 3.163926e-03 9.999886e-01 3.564621e-03 -1.301642e+00 9.943721e-01 -2.768630e-03 -1.059076e-01 9.532964e-01
-1.062851e-01 3.735120e-03 -9.943287e-01 -6.463022e+01 -3.120034e-04 9.999928e-01 3.789747e-03 -1.325542e+00 9.943356e-01 7.130277e-04 -1.062832e-01 8.706115e-01
-1.061582e-01 3.895792e-03 -9.943416e-01 -6.541006e+01 -3.253858e-03 9.999856e-01 4.265295e-03 -1.341389e+00 9.943439e-01 3.688242e-03 -1.061440e-01 7.929682e-01
-1.050316e-01 4.809560e-03 -9.944573e-01 -6.613903e+01 -5.320251e-03 9.999713e-01 5.398137e-03 -1.358993e+00 9.944547e-01 5.857737e-03 -1.050030e-01 7.161163e-01
-1.030259e-01 6.164224e-03 -9.946596e-01 -6.686637e+01 -5.676720e-03 9.999609e-01 6.785067e-03 -1.382428e+00 9.946625e-01 6.345442e-03 -1.029869e-01 6.513358e-01
-9.909142e-02 6.502538e-03 -9.950571e-01 -6.756493e+01 -4.427947e-03 9.999659e-01 6.975567e-03 -1.401944e+00 9.950685e-01 5.097279e-03 -9.905924e-02 5.857995e-01
-9.343439e-02 5.729054e-03 -9.956090e-01 -6.828631e+01 -3.307462e-03 9.999761e-01 6.064578e-03 -1.407879e+00 9.956199e-01 3.859579e-03 -9.341322e-02 5.342943e-01
-8.655046e-02 4.158526e-03 -9.962388e-01 -6.897330e+01 -1.819016e-03 9.999890e-01 4.332211e-03 -1.433763e+00 9.962458e-01 2.187129e-03 -8.654194e-02 4.831406e-01
-7.792669e-02 4.381098e-03 -9.969495e-01 -6.964454e+01 -6.728329e-04 9.999899e-01 4.447052e-03 -1.445215e+00 9.969589e-01 1.017324e-03 -7.792296e-02 4.386589e-01
-6.604032e-02 6.695012e-03 -9.977945e-01 -7.029044e+01 1.339784e-03 9.999772e-01 6.620982e-03 -1.459208e+00 9.978161e-01 -8.995775e-04 -6.604779e-02 3.948128e-01
-5.124101e-02 9.108761e-03 -9.986448e-01 -7.091052e+01 3.148881e-03 9.999549e-01 8.959140e-03 -1.468623e+00 9.986814e-01 -2.685538e-03 -5.126739e-02 3.714671e-01
-3.337524e-02 9.807174e-03 -9.993948e-01 -7.150693e+01 4.704038e-03 9.999423e-01 9.655453e-03 -1.481692e+00 9.994318e-01 -4.378938e-03 -3.341944e-02 3.696565e-01
-1.094334e-02 1.012307e-02 -9.998889e-01 -7.208568e+01 5.299743e-03 9.999353e-01 1.006554e-02 -1.484606e+00 9.999261e-01 -5.189003e-03 -1.099628e-02 3.651080e-01
1.432225e-02 8.696633e-03 -9.998596e-01 -7.264016e+01 5.103396e-03 9.999485e-01 8.770509e-03 -1.479394e+00 9.998844e-01 -5.228293e-03 1.427713e-02 3.925275e-01
4.341852e-02 6.170857e-03 -9.990379e-01 -7.316805e+01 4.759589e-03 9.999683e-01 6.383457e-03 -1.485130e+00 9.990456e-01 -5.032170e-03 4.338777e-02 4.350599e-01
7.716166e-02 3.706272e-03 -9.970117e-01 -7.367755e+01 4.780777e-03 9.999802e-01 4.087306e-03 -1.488174e+00 9.970071e-01 -5.081874e-03 7.714242e-02 5.001253e-01
1.146946e-01 2.164343e-03 -9.933984e-01 -7.417889e+01 5.055986e-03 9.999834e-01 2.762438e-03 -1.489534e+00 9.933879e-01 -5.339445e-03 1.146818e-01 5.842232e-01
1.551791e-01 -2.063575e-05 -9.878864e-01 -7.466154e+01 5.294040e-03 9.999857e-01 8.107094e-04 -1.502655e+00 9.878722e-01 -5.355715e-03 1.551769e-01 6.925468e-01
1.998305e-01 -2.401430e-03 -9.798275e-01 -7.513612e+01 6.703945e-03 9.999769e-01 -1.083581e-03 -1.505355e+00 9.798076e-01 -6.352177e-03 1.998419e-01 8.289985e-01
2.480316e-01 -7.928327e-03 -9.687195e-01 -7.558367e+01 8.115013e-03 9.999484e-01 -6.106141e-03 -1.523960e+00 9.687180e-01 -6.346655e-03 2.480832e-01 9.756578e-01
2.980148e-01 -1.719361e-02 -9.544064e-01 -7.601343e+01 8.512531e-03 9.998459e-01 -1.535415e-02 -1.545146e+00 9.545233e-01 -3.548651e-03 2.981152e-01 1.144194e+00
3.499366e-01 -2.414821e-02 -9.364621e-01 -7.644744e+01 7.946019e-03 9.997082e-01 -2.280985e-02 -1.571159e+00 9.367397e-01 5.408571e-04 3.500264e-01 1.330622e+00
4.030976e-01 -3.033417e-02 -9.146541e-01 -7.687553e+01 7.506200e-03 9.995265e-01 -2.984087e-02 -1.580178e+00 9.151262e-01 5.163209e-03 4.031345e-01 1.538044e+00
4.546892e-01 -3.134832e-02 -8.900983e-01 -7.727613e+01 8.076347e-03 9.994844e-01 -3.107514e-02 -1.600519e+00 8.906135e-01 6.940786e-03 4.547080e-01 1.766297e+00
5.042482e-01 -3.375427e-02 -8.628989e-01 -7.768001e+01 9.941655e-03 9.993965e-01 -3.328413e-02 -1.630960e+00 8.635016e-01 8.204820e-03 5.042794e-01 2.006299e+00
5.498513e-01 -4.222042e-02 -8.341948e-01 -7.804575e+01 1.539949e-02 9.990643e-01 -4.041440e-02 -1.656935e+00 8.351206e-01 9.375732e-03 5.499870e-01 2.291513e+00
5.938281e-01 -5.376741e-02 -8.027934e-01 -7.839209e+01 2.283519e-02 9.984890e-01 -4.998296e-02 -1.692143e+00 8.042678e-01 1.134935e-02 5.941586e-01 2.606636e+00
6.364747e-01 -5.609216e-02 -7.692553e-01 -7.871202e+01 2.157317e-02 9.982565e-01 -5.494092e-02 -1.730234e+00 7.709959e-01 1.837323e-02 6.365751e-01 2.926665e+00
6.784455e-01 -5.220780e-02 -7.327933e-01 -7.902354e+01 1.403601e-02 9.982108e-01 -5.812241e-02 -1.771791e+00 7.345166e-01 2.914740e-02 6.779644e-01 3.242221e+00
7.193181e-01 -4.668134e-02 -6.931106e-01 -7.929614e+01 3.066991e-03 9.979433e-01 -6.402902e-02 -1.807364e+00 6.946741e-01 4.393147e-02 7.179819e-01 3.561735e+00
7.587973e-01 -3.900385e-02 -6.501579e-01 -7.956347e+01 -6.664194e-03 9.976882e-01 -6.763042e-02 -1.833166e+00 6.512927e-01 5.565056e-02 7.567832e-01 3.913555e+00
7.960253e-01 -3.404985e-02 -6.043048e-01 -7.981154e+01 -9.916099e-03 9.975487e-01 -6.926944e-02 -1.873086e+00 6.051821e-01 6.113257e-02 7.937364e-01 4.293392e+00
8.304451e-01 -2.962894e-02 -5.563120e-01 -8.006300e+01 -1.195575e-02 9.974069e-01 -7.096863e-02 -1.907089e+00 5.569721e-01 6.558668e-02 8.279375e-01 4.723069e+00
8.615080e-01 -2.238221e-02 -5.072505e-01 -8.031163e+01 -1.622505e-02 9.973042e-01 -7.156204e-02 -1.947456e+00 5.074847e-01 6.988144e-02 8.588224e-01 5.183022e+00
8.879023e-01 -1.745462e-02 -4.597008e-01 -8.053596e+01 -1.660120e-02 9.974133e-01 -6.993616e-02 -1.996040e+00 4.597325e-01 6.972806e-02 8.853158e-01 5.670029e+00
9.093636e-01 -6.937365e-03 -4.159445e-01 -8.075403e+01 -2.264145e-02 9.975536e-01 -6.613792e-02 -2.044077e+00 4.153857e-01 6.956100e-02 9.069818e-01 6.187064e+00
9.268679e-01 9.180091e-04 -3.753865e-01 -8.093298e+01 -2.751331e-02 9.974736e-01 -6.549386e-02 -2.096307e+00 3.743780e-01 7.103228e-02 9.245515e-01 6.721788e+00
9.404695e-01 8.202562e-03 -3.397792e-01 -8.112318e+01 -3.127350e-02 9.975561e-01 -6.247957e-02 -2.136064e+00 3.384363e-01 6.938621e-02 9.384276e-01 7.283803e+00
9.508018e-01 1.069072e-02 -3.096152e-01 -8.130967e+01 -3.093266e-02 9.976862e-01 -6.054242e-02 -2.181345e+00 3.082515e-01 6.714107e-02 9.489326e-01 7.867828e+00
9.584299e-01 1.186468e-02 -2.850814e-01 -8.147932e+01 -3.005532e-02 9.977746e-01 -5.951858e-02 -2.220572e+00 2.837408e-01 6.561260e-02 9.566536e-01 8.461285e+00
9.643422e-01 1.244815e-02 -2.643654e-01 -8.162962e+01 -2.864349e-02 9.979348e-01 -5.749499e-02 -2.275481e+00 2.631038e-01 6.301719e-02 9.627073e-01 9.079881e+00
9.690841e-01 1.547739e-02 -2.462449e-01 -8.178013e+01 -2.971865e-02 9.980865e-01 -5.422284e-02 -2.324020e+00 2.449345e-01 5.986455e-02 9.676897e-01 9.689217e+00
9.726417e-01 2.074754e-02 -2.313821e-01 -8.192861e+01 -3.353527e-02 9.981113e-01 -5.147093e-02 -2.364617e+00 2.298772e-01 5.782223e-02 9.715004e-01 1.033656e+01
9.756027e-01 2.496283e-02 -2.181196e-01 -8.208600e+01 -3.649469e-02 9.981318e-01 -4.900120e-02 -2.416064e+00 2.164889e-01 5.576591e-02 9.746911e-01 1.099888e+01
9.784802e-01 2.454379e-02 -2.048757e-01 -8.222770e+01 -3.531850e-02 9.981692e-01 -4.910098e-02 -2.464883e+00 2.032955e-01 5.528023e-02 9.775556e-01 1.167881e+01
9.812353e-01 2.482348e-02 -1.912097e-01 -8.235769e+01 -3.491085e-02 9.981604e-01 -4.956833e-02 -2.507645e+00 1.896275e-01 5.531349e-02 9.802968e-01 1.239406e+01
9.839811e-01 2.504049e-02 -1.765056e-01 -8.249353e+01 -3.414811e-02 9.982270e-01 -4.875199e-02 -2.549603e+00 1.749719e-01 5.399836e-02 9.830916e-01 1.310870e+01
9.863531e-01 2.752382e-02 -1.623267e-01 -8.261815e+01 -3.567605e-02 9.982329e-01 -4.752145e-02 -2.603044e+00 1.607319e-01 5.266411e-02 9.855921e-01 1.384182e+01
9.883417e-01 2.882119e-02 -1.494995e-01 -8.273510e+01 -3.664141e-02 9.980858e-01 -4.982100e-02 -2.655970e+00 1.477775e-01 5.471805e-02 9.875058e-01 1.457644e+01
9.898941e-01 3.101477e-02 -1.383752e-01 -8.284110e+01 -3.883926e-02 9.977740e-01 -5.420788e-02 -2.719205e+00 1.363859e-01 5.903445e-02 9.888953e-01 1.532336e+01
9.912078e-01 3.081451e-02 -1.286765e-01 -8.294283e+01 -3.885102e-02 9.974167e-01 -6.041914e-02 -2.772814e+00 1.264823e-01 6.488713e-02 9.898444e-01 1.609954e+01
9.922558e-01 3.110901e-02 -1.202523e-01 -8.305095e+01 -3.861249e-02 9.974163e-01 -6.057963e-02 -2.821718e+00 1.180571e-01 6.475374e-02 9.908933e-01 1.688140e+01
9.930148e-01 3.265127e-02 -1.133817e-01 -8.315587e+01 -3.903167e-02 9.977497e-01 -5.451705e-02 -2.872450e+00 1.113465e-01 5.856171e-02 9.920547e-01 1.768078e+01
9.934273e-01 3.685724e-02 -1.083686e-01 -8.325895e+01 -4.206784e-02 9.980462e-01 -4.619525e-02 -2.923762e+00 1.064543e-01 5.045045e-02 9.930369e-01 1.849008e+01
9.938671e-01 3.710024e-02 -1.041722e-01 -8.334647e+01 -4.172146e-02 9.982234e-01 -4.253777e-02 -2.975932e+00 1.024090e-01 4.662311e-02 9.936492e-01 1.929015e+01
9.942570e-01 3.633221e-02 -1.006629e-01 -8.343176e+01 -4.089733e-02 9.982088e-01 -4.366371e-02 -3.024895e+00 9.889618e-02 4.752979e-02 9.939620e-01 2.006290e+01
9.945549e-01 3.640923e-02 -9.764731e-02 -8.351122e+01 -4.092810e-02 9.981626e-01 -4.468034e-02 -3.074492e+00 9.584111e-02 4.843356e-02 9.942176e-01 2.085033e+01
9.949062e-01 3.504833e-02 -9.451567e-02 -8.359653e+01 -3.919161e-02 9.983342e-01 -4.234246e-02 -3.131179e+00 9.287420e-02 4.583100e-02 9.946225e-01 2.162992e+01
9.952113e-01 3.245019e-02 -9.220343e-02 -8.366749e+01 -3.627907e-02 9.985345e-01 -4.015804e-02 -3.180029e+00 9.076517e-02 4.331079e-02 9.949301e-01 2.241547e+01
9.973855e-01 5.163462e-02 -5.055655e-02 -8.510960e+01 -5.426532e-02 9.971652e-01 -5.212375e-02 -3.239350e+00 4.772184e-02 5.473094e-02 9.973601e-01 2.449479e+01
9.975757e-01 4.995840e-02 -4.844415e-02 -8.513386e+01 -5.264228e-02 9.970529e-01 -5.580640e-02 -3.299245e+00 4.551338e-02 5.822132e-02 9.972657e-01 2.526909e+01
9.974916e-01 5.310874e-02 -4.679710e-02 -8.518051e+01 -5.602056e-02 9.964223e-01 -6.327952e-02 -3.349631e+00 4.326897e-02 6.574239e-02 9.968981e-01 2.604284e+01
9.975291e-01 5.390212e-02 -4.505902e-02 -8.522393e+01 -5.701248e-02 9.958556e-01 -7.085976e-02 -3.415023e+00 4.105279e-02 7.325360e-02 9.964681e-01 2.683469e+01
9.975968e-01 5.412330e-02 -4.325916e-02 -8.527073e+01 -5.725392e-02 9.955576e-01 -7.474630e-02 -3.489527e+00 3.902147e-02 7.704343e-02 9.962638e-01 2.762149e+01
9.975886e-01 5.595413e-02 -4.106149e-02 -8.531316e+01 -5.884458e-02 9.955993e-01 -7.293445e-02 -3.558099e+00 3.679980e-02 7.517482e-02 9.964911e-01 2.838263e+01
9.974694e-01 5.931506e-02 -3.919745e-02 -8.533938e+01 -6.190774e-02 9.957199e-01 -6.862416e-02 -3.635439e+00 3.495923e-02 7.087713e-02 9.968723e-01 2.916525e+01
9.973214e-01 6.270661e-02 -3.765416e-02 -8.536722e+01 -6.503322e-02 9.958208e-01 -6.412254e-02 -3.690718e+00 3.347589e-02 6.639955e-02 9.972314e-01 2.996941e+01
9.974996e-01 6.107081e-02 -3.556621e-02 -8.537824e+01 -6.318756e-02 9.960868e-01 -6.179264e-02 -3.762829e+00 3.165331e-02 6.388548e-02 9.974551e-01 3.072848e+01
9.977368e-01 5.776556e-02 -3.441493e-02 -8.539911e+01 -5.982740e-02 9.962662e-01 -6.224398e-02 -3.826360e+00 3.069088e-02 6.416206e-02 9.974674e-01 3.149611e+01
9.979328e-01 5.607647e-02 -3.139315e-02 -8.540960e+01 -5.799252e-02 9.962714e-01 -6.387556e-02 -3.884984e+00 2.769418e-02 6.556409e-02 9.974640e-01 3.244369e+01
9.979522e-01 5.608852e-02 -3.074915e-02 -8.542533e+01 -5.800880e-02 9.961589e-01 -6.559332e-02 -3.952127e+00 2.695200e-02 6.724272e-02 9.973726e-01 3.322015e+01
9.980667e-01 5.440736e-02 -3.004558e-02 -8.544767e+01 -5.631452e-02 9.961777e-01 -6.677345e-02 -4.022481e+00 2.629776e-02 6.833636e-02 9.973157e-01 3.400426e+01
9.980730e-01 5.464488e-02 -2.939862e-02 -8.546792e+01 -5.651065e-02 9.961580e-01 -6.690164e-02 -4.084066e+00 2.562984e-02 6.843405e-02 9.973264e-01 3.478324e+01
9.979085e-01 5.782543e-02 -2.889513e-02 -8.549548e+01 -5.963470e-02 9.960183e-01 -6.626662e-02 -4.137854e+00 2.494818e-02 6.785118e-02 9.973835e-01 3.558705e+01
9.979154e-01 5.796256e-02 -2.837461e-02 -8.554162e+01 -5.976456e-02 9.959327e-01 -6.742523e-02 -4.198269e+00 2.435106e-02 6.898048e-02 9.973208e-01 3.636956e+01
9.979546e-01 5.680647e-02 -2.931990e-02 -8.560674e+01 -5.868149e-02 9.959826e-01 -6.764022e-02 -4.260127e+00 2.535971e-02 6.922241e-02 9.972789e-01 3.718397e+01
9.979940e-01 5.515892e-02 -3.107191e-02 -8.564258e+01 -5.714927e-02 9.960947e-01 -6.729958e-02 -4.324002e+00 2.723840e-02 6.894031e-02 9.972489e-01 3.797688e+01
9.977764e-01 5.733016e-02 -3.399336e-02 -8.568361e+01 -5.951015e-02 9.959750e-01 -6.702528e-02 -4.397807e+00 3.001397e-02 6.889919e-02 9.971720e-01 3.875373e+01
9.974386e-01 6.130259e-02 -3.685333e-02 -8.573052e+01 -6.368266e-02 9.956975e-01 -6.731315e-02 -4.462982e+00 3.256830e-02 6.948766e-02 9.970510e-01 3.956273e+01
9.973297e-01 6.165581e-02 -3.914056e-02 -8.577774e+01 -6.436654e-02 9.953069e-01 -7.225765e-02 -4.529347e+00 3.450176e-02 7.458405e-02 9.966177e-01 4.035054e+01
9.972276e-01 6.195139e-02 -4.122143e-02 -8.583503e+01 -6.495158e-02 9.949950e-01 -7.593568e-02 -4.596976e+00 3.631080e-02 7.840255e-02 9.962603e-01 4.116071e+01
9.972496e-01 6.093952e-02 -4.218572e-02 -8.590233e+01 -6.408868e-02 9.949044e-01 -7.783218e-02 -4.666582e+00 3.722770e-02 8.032173e-02 9.960736e-01 4.199572e+01
9.971190e-01 6.205111e-02 -4.362838e-02 -8.597084e+01 -6.523269e-02 9.949915e-01 -7.574050e-02 -4.761857e+00 3.871009e-02 7.836828e-02 9.961726e-01 4.287284e+01
9.971311e-01 6.028912e-02 -4.576804e-02 -8.600862e+01 -6.360932e-02 9.951575e-01 -7.493575e-02 -4.847101e+00 4.102860e-02 7.763204e-02 9.961375e-01 4.373120e+01
9.972068e-01 5.850423e-02 -4.643051e-02 -8.607919e+01 -6.186549e-02 9.952924e-01 -7.460321e-02 -4.898527e+00 4.184733e-02 7.726728e-02 9.961318e-01 4.465492e+01
9.972395e-01 5.689353e-02 -4.771370e-02 -8.612337e+01 -6.019923e-02 9.956599e-01 -7.097410e-02 -4.978707e+00 4.346865e-02 7.365050e-02 9.963363e-01 4.553825e+01
9.973368e-01 5.590561e-02 -4.683877e-02 -8.621077e+01 -5.896237e-02 9.960332e-01 -6.664338e-02 -5.063103e+00 4.292723e-02 6.922762e-02 9.966769e-01 4.664532e+01
9.973394e-01 5.577279e-02 -4.694266e-02 -8.623420e+01 -5.874753e-02 9.961820e-01 -6.457598e-02 -5.141842e+00 4.316186e-02 6.716193e-02 9.968081e-01 4.752613e+01
9.972362e-01 5.890842e-02 -4.527522e-02 -8.627466e+01 -6.178169e-02 9.959757e-01 -6.492690e-02 -5.202379e+00 4.126827e-02 6.754463e-02 9.968624e-01 4.841252e+01
9.973021e-01 5.919927e-02 -4.340371e-02 -8.631660e+01 -6.199908e-02 9.958729e-01 -6.628174e-02 -5.271156e+00 3.930075e-02 6.879392e-02 9.968565e-01 4.929019e+01
9.974703e-01 5.748202e-02 -4.181943e-02 -8.635391e+01 -6.026476e-02 9.958194e-01 -6.864260e-02 -5.345248e+00 3.769888e-02 7.098919e-02 9.967644e-01 5.016873e+01
9.977461e-01 5.387393e-02 -4.000434e-02 -8.638389e+01 -5.658751e-02 9.959321e-01 -7.012220e-02 -5.427563e+00 3.606385e-02 7.222790e-02 9.967359e-01 5.104333e+01
9.978653e-01 5.319248e-02 -3.788789e-02 -8.641729e+01 -5.575819e-02 9.959710e-01 -7.023333e-02 -5.510540e+00 3.399935e-02 7.219596e-02 9.968108e-01 5.192409e+01
9.980347e-01 5.042389e-02 -3.720455e-02 -8.644862e+01 -5.285595e-02 9.963132e-01 -6.757476e-02 -5.591244e+00 3.366000e-02 6.940844e-02 9.970203e-01 5.281282e+01
9.981946e-01 4.786931e-02 -3.627904e-02 -8.648156e+01 -5.016553e-02 9.966055e-01 -6.527569e-02 -5.662392e+00 3.303119e-02 6.697779e-02 9.972076e-01 5.368385e+01
9.982359e-01 4.765040e-02 -3.541931e-02 -8.651670e+01 -4.987324e-02 9.966527e-01 -6.477715e-02 -5.743345e+00 3.221410e-02 6.642936e-02 9.972710e-01 5.456630e+01
9.982046e-01 4.905186e-02 -3.437199e-02 -8.655718e+01 -5.132572e-02 9.963139e-01 -6.873401e-02 -5.804795e+00 3.087376e-02 7.037477e-02 9.970427e-01 5.543699e+01
9.976605e-01 5.301764e-02 -4.315742e-02 -8.651464e+01 -5.620939e-02 9.954876e-01 -7.645245e-02 -5.882282e+00 3.890934e-02 7.869944e-02 9.961388e-01 5.652472e+01
9.975885e-01 5.495849e-02 -4.238916e-02 -8.655738e+01 -5.829381e-02 9.949311e-01 -8.193912e-02 -5.963720e+00 3.767104e-02 8.421254e-02 9.957355e-01 5.739331e+01
9.973572e-01 5.941851e-02 -4.180879e-02 -8.660681e+01 -6.289140e-02 9.941907e-01 -8.734663e-02 -6.056703e+00 3.637590e-02 8.974521e-02 9.953003e-01 5.825531e+01
9.973891e-01 5.971348e-02 -4.061104e-02 -8.665112e+01 -6.310628e-02 9.941059e-01 -8.815326e-02 -6.145919e+00 3.510773e-02 9.048592e-02 9.952787e-01 5.911020e+01
9.975906e-01 5.652245e-02 -4.022663e-02 -8.668262e+01 -5.969792e-02 9.947856e-01 -8.269056e-02 -6.227573e+00 3.534300e-02 8.489278e-02 9.957631e-01 5.998008e+01
9.976347e-01 5.512461e-02 -4.106384e-02 -8.672129e+01 -5.805325e-02 9.955732e-01 -7.391817e-02 -6.310505e+00 3.680734e-02 7.612723e-02 9.964185e-01 6.084899e+01
9.976577e-01 5.337314e-02 -4.278309e-02 -8.676476e+01 -5.609763e-02 9.962918e-01 -6.523634e-02 -6.413326e+00 3.914257e-02 6.748357e-02 9.969523e-01 6.172238e+01
9.962491e-01 4.773028e-02 -7.217662e-02 -8.644354e+01 -5.221567e-02 9.967347e-01 -6.159036e-02 -6.592747e+00 6.900122e-02 6.512809e-02 9.954884e-01 6.290848e+01
9.963718e-01 4.242506e-02 -7.377960e-02 -8.651926e+01 -4.725401e-02 9.967667e-01 -6.498644e-02 -6.670252e+00 7.078400e-02 6.823704e-02 9.951549e-01 6.374895e+01
9.963872e-01 4.302804e-02 -7.322040e-02 -8.663832e+01 -4.787302e-02 9.966868e-01 -6.575476e-02 -6.766628e+00 7.014850e-02 6.902248e-02 9.951458e-01 6.470105e+01
9.960859e-01 4.380322e-02 -7.677347e-02 -8.668358e+01 -4.903508e-02 9.965040e-01 -6.764134e-02 -6.893351e+00 7.354216e-02 7.114118e-02 9.947515e-01 6.585571e+01
9.955182e-01 4.773725e-02 -8.163697e-02 -8.682948e+01 -5.372524e-02 9.958986e-01 -7.279778e-02 -6.979622e+00 7.782698e-02 7.685749e-02 9.939999e-01 6.712197e+01
9.947329e-01 5.210563e-02 -8.826916e-02 -8.687814e+01 -5.912759e-02 9.951275e-01 -7.889978e-02 -7.007492e+00 8.372795e-02 8.370335e-02 9.929670e-01 6.875342e+01
9.941648e-01 5.411170e-02 -9.331816e-02 -8.692735e+01 -6.193967e-02 9.946114e-01 -8.313624e-02 -7.129127e+00 8.831666e-02 8.843122e-02 9.921593e-01 6.986816e+01
9.941014e-01 5.247618e-02 -9.491429e-02 -8.732187e+01 -6.025631e-02 9.948868e-01 -8.105233e-02 -7.264841e+00 9.017566e-02 8.629341e-02 9.921803e-01 7.071119e+01
9.936303e-01 5.267231e-02 -9.962158e-02 -8.738910e+01 -6.063239e-02 9.950576e-01 -7.863958e-02 -7.383662e+00 9.498708e-02 8.417896e-02 9.919130e-01 7.160660e+01
9.935782e-01 4.932893e-02 -1.018282e-01 -8.790975e+01 -5.661394e-02 9.959436e-01 -6.993686e-02 -7.747804e+00 9.796525e-02 7.525264e-02 9.923406e-01 7.287801e+01
9.741719e-01 -1.233288e-01 -1.891535e-01 -8.649668e+01 9.121372e-02 9.812152e-01 -1.699905e-01 -6.318450e+00 2.065650e-01 1.483465e-01 9.671216e-01 7.468224e+01
9.711874e-01 -1.332698e-01 -1.975706e-01 -8.656039e+01 1.009023e-01 9.809966e-01 -1.657241e-01 -6.595741e+00 2.159021e-01 1.410139e-01 9.661788e-01 7.583664e+01
9.691172e-01 -1.375250e-01 -2.046920e-01 -8.671473e+01 1.043596e-01 9.807807e-01 -1.648584e-01 -6.786673e+00 2.234301e-01 1.384056e-01 9.648434e-01 7.671008e+01
9.674659e-01 -1.404527e-01 -2.104347e-01 -8.687986e+01 1.071158e-01 9.809195e-01 -1.622443e-01 -6.932771e+00 2.292071e-01 1.344250e-01 9.640508e-01 7.749253e+01
9.656195e-01 -1.406928e-01 -2.185967e-01 -8.703618e+01 1.061861e-01 9.810061e-01 -1.623315e-01 -7.126478e+00 2.372836e-01 1.335385e-01 9.622183e-01 7.845360e+01
9.648464e-01 -1.346984e-01 -2.256720e-01 -8.724687e+01 9.918877e-02 9.818029e-01 -1.619400e-01 -7.296261e+00 2.433785e-01 1.338631e-01 9.606496e-01 7.933141e+01
9.618072e-01 -1.345886e-01 -2.383542e-01 -8.737218e+01 9.658007e-02 9.816268e-01 -1.645635e-01 -7.583163e+00 2.561232e-01 1.352581e-01 9.571343e-01 8.075689e+01
9.597943e-01 -1.369836e-01 -2.450109e-01 -8.755932e+01 9.739703e-02 9.811336e-01 -1.670050e-01 -7.779503e+00 2.632654e-01 1.364272e-01 9.550282e-01 8.163652e+01
9.580301e-01 -1.377554e-01 -2.513996e-01 -8.776704e+01 9.675462e-02 9.808945e-01 -1.687739e-01 -7.953321e+00 2.698460e-01 1.373664e-01 9.530549e-01 8.251761e+01
9.566560e-01 -1.370814e-01 -2.569398e-01 -8.797253e+01 9.665588e-02 9.817315e-01 -1.638931e-01 -8.106242e+00 2.747126e-01 1.319546e-01 9.524290e-01 8.332033e+01
9.544106e-01 -1.395817e-01 -2.638510e-01 -8.817165e+01 9.931265e-02 9.820611e-01 -1.602902e-01 -8.275015e+00 2.814914e-01 1.267790e-01 9.511518e-01 8.416196e+01
9.521376e-01 -1.429598e-01 -2.701787e-01 -8.837277e+01 1.023485e-01 9.819744e-01 -1.589058e-01 -8.436350e+00 2.880257e-01 1.236478e-01 9.496065e-01 8.495892e+01
9.496787e-01 -1.465701e-01 -2.768167e-01 -8.857820e+01 1.040501e-01 9.811968e-01 -1.625622e-01 -8.596759e+00 2.954384e-01 1.255791e-01 9.470723e-01 8.568653e+01
9.470559e-01 -1.478564e-01 -2.849977e-01 -8.879489e+01 1.019725e-01 9.802103e-01 -1.696741e-01 -8.731235e+00 3.044451e-01 1.316290e-01 9.433912e-01 8.641065e+01
9.438487e-01 -1.510672e-01 -2.938168e-01 -8.901448e+01 1.031611e-01 9.796296e-01 -1.722893e-01 -8.870425e+00 3.138589e-01 1.323046e-01 9.402064e-01 8.712999e+01
9.403255e-01 -1.534751e-01 -3.036995e-01 -8.925448e+01 1.051525e-01 9.798854e-01 -1.696100e-01 -9.026584e+00 3.236216e-01 1.275538e-01 9.375495e-01 8.784158e+01
9.363255e-01 -1.561086e-01 -3.145230e-01 -8.949560e+01 1.082343e-01 9.804354e-01 -1.644135e-01 -9.166298e+00 3.340358e-01 1.199024e-01 9.349029e-01 8.854978e+01
9.322674e-01 -1.570529e-01 -3.259018e-01 -8.975652e+01 1.103285e-01 9.813655e-01 -1.573192e-01 -9.308992e+00 3.445362e-01 1.107073e-01 9.322225e-01 8.926605e+01
9.868647e-01 -1.437601e-01 -7.369630e-02 -9.357681e+01 1.486196e-01 9.867342e-01 6.532818e-02 -1.237426e+01 6.332708e-02 -7.542279e-02 9.951387e-01 9.013370e+01
9.867267e-01 -1.383250e-01 -8.506840e-02 -9.365227e+01 1.436978e-01 9.877622e-01 6.063589e-02 -1.234310e+01 7.563989e-02 -7.205519e-02 9.945284e-01 9.088205e+01
9.859380e-01 -1.357097e-01 -9.751534e-02 -9.372488e+01 1.411378e-01 9.886714e-01 5.107757e-02 -1.230632e+01 8.947891e-02 -6.412241e-02 9.939225e-01 9.167552e+01
9.845288e-01 -1.359684e-01 -1.105247e-01 -9.381142e+01 1.416513e-01 9.888811e-01 4.526748e-02 -1.226407e+01 1.031408e-01 -6.022310e-02 9.928420e-01 9.257143e+01
9.825293e-01 -1.389375e-01 -1.238244e-01 -9.390096e+01 1.459512e-01 9.880550e-01 4.945236e-02 -1.223450e+01 1.154745e-01 -6.666070e-02 9.910711e-01 9.336478e+01
9.807968e-01 -1.387290e-01 -1.370838e-01 -9.402703e+01 1.475068e-01 9.874717e-01 5.604801e-02 -1.220561e+01 1.275909e-01 -7.519250e-02 9.889725e-01 9.426866e+01
9.739540e-01 -1.381316e-01 -1.798148e-01 -9.369625e+01 1.513479e-01 9.865395e-01 6.191686e-02 -1.213944e+01 1.688417e-01 -8.751876e-02 9.817499e-01 9.544944e+01
