9.999847e-01 5.096228e-04 -5.517100e-03 -3.310267e-02 -5.104177e-04 9.999999e-01 -1.426814e-04 7.637337e-03 5.517026e-03 1.454952e-04 9.999848e-01 9.926602e-02
9.999220e-01 9.317993e-04 -1.245442e-02 -4.255461e-02 -9.361117e-04 9.999995e-01 -3.404326e-04 9.625287e-03 1.245410e-02 3.520648e-04 9.999224e-01 1.951076e-01
9.998101e-01 6.314978e-04 -1.947926e-02 -6.770628e-02 -6.581627e-04 9.999989e-01 -1.362507e-03 1.194003e-02 1.947838e-02 1.375069e-03 9.998093e-01 2.890874e-01
9.996274e-01 3.518384e-03 -2.706872e-02 -1.366333e-01 -3.637247e-03 9.999840e-01 -4.343186e-03 1.613834e-02 2.705301e-02 4.440023e-03 9.996241e-01 4.418297e-01
9.993371e-01 3.670048e-03 -3.622139e-02 -2.025021e-01 -3.910496e-03 9.999708e-01 -6.569676e-03 2.922120e-02 3.619622e-02 6.706965e-03 9.993222e-01 5.305570e-01
9.987677e-01 3.314208e-03 -4.951829e-02 -2.317122e-01 -3.716359e-03 9.999608e-01 -8.031407e-03 3.741045e-02 4.948973e-02 8.205537e-03 9.987409e-01 6.489556e-01
9.978603e-01 3.170684e-03 -6.530444e-02 -2.693724e-01 -3.790634e-03 9.999489e-01 -9.371506e-03 5.039486e-02 6.527138e-02 9.598999e-03 9.978214e-01 8.084953e-01
9.964419e-01 1.827988e-03 -8.426253e-02 -2.878589e-01 -2.612142e-03 9.999543e-01 -9.196773e-03 3.655245e-02 8.424187e-02 9.384155e-03 9.964011e-01 9.487961e-01
9.945721e-01 5.860414e-04 -1.040480e-01 -3.268175e-01 -1.634636e-03 9.999487e-01 -9.993001e-03 4.015142e-02 1.040368e-01 1.010884e-02 9.945221e-01 1.115636e+00
9.921055e-01 1.556086e-04 -1.254060e-01 -3.936177e-01 -1.562954e-03 9.999369e-01 -1.112399e-02 4.963789e-02 1.253964e-01 1.123218e-02 9.920431e-01 1.276988e+00
9.885233e-01 2.189611e-03 -1.510526e-01 -4.163480e-01 -3.949488e-03 9.999278e-01 -1.135173e-02 3.575117e-02 1.510168e-01 1.181803e-02 9.884605e-01 1.460977e+00
9.847106e-01 6.354591e-03 -1.740821e-01 -5.352634e-01 -8.663733e-03 9.998842e-01 -1.250798e-02 3.276159e-02 1.739825e-01 1.382494e-02 9.846517e-01 1.625090e+00
9.796490e-01 9.293234e-03 -2.005033e-01 -6.108318e-01 -1.201821e-02 9.998512e-01 -1.237774e-02 1.026300e-02 2.003584e-01 1.453553e-02 9.796148e-01 1.788083e+00
9.728027e-01 9.094976e-03 -2.314568e-01 -6.564940e-01 -1.249769e-02 9.998343e-01 -1.323927e-02 6.523160e-03 2.312980e-01 1.577187e-02 9.727551e-01 1.987116e+00
9.653208e-01 1.064950e-02 -2.608492e-01 -7.625023e-01 -1.421127e-02 9.998297e-01 -1.177213e-02 -1.434131e-02 2.606794e-01 1.507088e-02 9.653078e-01 2.150373e+00
9.560908e-01 1.119172e-02 -2.928568e-01 -8.594534e-01 -1.509164e-02 9.998249e-01 -1.106074e-02 -1.686790e-02 2.926817e-01 1.499476e-02 9.560923e-01 2.356138e+00
9.441412e-01 1.242791e-02 -3.293069e-01 -9.138794e-01 -1.635636e-02 9.998243e-01 -9.161624e-03 -3.982682e-02 3.291351e-01 1.403613e-02 9.441785e-01 2.578035e+00
9.319700e-01 1.461910e-02 -3.622406e-01 -1.035817e+00 -1.901174e-02 9.997826e-01 -8.564611e-03 -4.112242e-02 3.620367e-01 1.486879e-02 9.320453e-01 2.769249e+00
9.185032e-01 1.725279e-02 -3.950370e-01 -1.175651e+00 -2.184217e-02 9.997361e-01 -7.123031e-03 -5.049124e-02 3.948098e-01 1.517099e-02 9.186376e-01 2.972779e+00
9.035532e-01 1.612525e-02 -4.281725e-01 -1.366596e+00 -2.311378e-02 9.996709e-01 -1.112773e-02 4.294414e-03 4.278521e-01 1.995118e-02 9.036285e-01 3.204493e+00
8.860121e-01 1.073837e-02 -4.635377e-01 -1.549306e+00 -2.024127e-02 9.996745e-01 -1.553087e-02 1.542905e-02 4.632200e-01 2.314313e-02 8.859411e-01 3.430967e+00
8.652555e-01 5.097331e-03 -5.013052e-01 -1.724850e+00 -1.769453e-02 9.996358e-01 -2.037643e-02 2.898799e-02 5.010187e-01 2.650118e-02 8.650306e-01 3.662010e+00
8.416818e-01 5.522421e-03 -5.399457e-01 -1.971396e+00 -1.747639e-02 9.997024e-01 -1.701797e-02 3.137215e-03 5.396910e-01 2.376002e-02 8.415278e-01 3.892691e+00
8.123788e-01 1.058966e-02 -5.830339e-01 -2.158392e+00 -2.124406e-02 9.997088e-01 -1.144298e-02 -1.532292e-02 5.827430e-01 2.168204e-02 8.123672e-01 4.097396e+00
7.807886e-01 1.335069e-02 -6.246526e-01 -2.417901e+00 -2.441309e-02 9.996601e-01 -9.149575e-03 -2.078347e-02 6.243181e-01 2.239358e-02 7.808492e-01 4.299218e+00
7.445062e-01 1.106482e-02 -6.675238e-01 -2.673618e+00 -2.427534e-02 9.996501e-01 -1.050478e-02 -2.384395e-02 6.671740e-01 2.402524e-02 7.445143e-01 4.516232e+00
7.051583e-01 3.557495e-03 -7.090409e-01 -2.935002e+00 -2.042923e-02 9.996742e-01 -1.530166e-02 -2.299979e-02 7.087555e-01 2.527525e-02 7.050013e-01 4.719156e+00
6.622915e-01 -2.613630e-03 -7.492417e-01 -3.167250e+00 -1.717438e-02 9.996782e-01 -1.866852e-02 -4.221066e-02 7.490494e-01 2.523176e-02 6.620335e-01 4.896994e+00
6.174411e-01 -5.823962e-03 -7.865955e-01 -3.436348e+00 -1.510930e-02 9.997003e-01 -1.926190e-02 -5.544913e-02 7.864720e-01 2.377800e-02 6.171681e-01 5.070896e+00
5.699442e-01 -8.530081e-03 -8.216391e-01 -3.734833e+00 -1.291977e-02 9.997295e-01 -1.934100e-02 -6.296299e-02 8.215818e-01 2.163868e-02 5.696798e-01 5.223506e+00
5.184169e-01 -9.752482e-03 -8.550724e-01 -4.039089e+00 -1.255811e-02 9.997403e-01 -1.901627e-02 -6.782790e-02 8.550358e-01 2.059645e-02 5.181598e-01 5.371596e+00
4.653151e-01 -1.204463e-02 -8.850632e-01 -4.399630e+00 -1.071970e-02 9.997574e-01 -1.924127e-02 -7.829445e-02 8.850802e-01 1.844086e-02 4.650731e-01 5.518211e+00
4.105790e-01 -1.349137e-02 -9.117252e-01 -4.723998e+00 -7.866434e-03 9.998009e-01 -1.833718e-02 -9.973366e-02 9.117911e-01 1.470089e-02 4.103911e-01 5.627101e+00
3.550623e-01 -1.414914e-02 -9.347356e-01 -5.033273e+00 -6.144856e-03 9.998285e-01 -1.746860e-02 -1.040375e-01 9.348225e-01 1.194626e-02 3.549145e-01 5.710250e+00
2.998682e-01 -1.460908e-02 -9.538688e-01 -5.572953e+00 -3.749538e-03 9.998570e-01 -1.649216e-02 -1.059415e-01 9.539733e-01 8.522040e-03 2.997705e-01 5.809193e+00
2.450957e-01 -1.788227e-02 -9.693340e-01 -6.127509e+00 -2.878688e-04 9.998285e-01 -1.851762e-02 -1.315674e-01 9.694988e-01 4.817630e-03 2.450485e-01 5.893734e+00
1.931777e-01 -1.934001e-02 -9.809732e-01 -6.492286e+00 2.132652e-04 9.998065e-01 -1.966931e-02 -1.407017e-01 9.811638e-01 3.590466e-03 1.931445e-01 5.958742e+00
1.440383e-01 -1.674797e-02 -9.894304e-01 -6.925470e+00 1.634473e-03 9.998594e-01 -1.668656e-02 -1.930272e-01 9.895708e-01 7.863067e-04 1.440454e-01 6.025813e+00
1.015697e-01 -1.312776e-02 -9.947418e-01 -7.327144e+00 1.250316e-03 9.999138e-01 -1.306835e-02 -2.118437e-01 9.948276e-01 8.360643e-05 1.015773e-01 6.033695e+00
6.365145e-02 -1.135797e-02 -9.979076e-01 -7.782344e+00 -8.991363e-04 9.999342e-01 -1.143839e-02 -2.126396e-01 9.979718e-01 1.625325e-03 6.363705e-02 6.026522e+00
2.909157e-02 -1.143596e-02 -9.995113e-01 -8.214938e+00 -3.492255e-03 9.999273e-01 -1.154236e-02 -2.230928e-01 9.995707e-01 3.826334e-03 2.904952e-02 6.014930e+00
-2.047504e-03 -1.116268e-02 -9.999356e-01 -8.675141e+00 -6.373693e-03 9.999175e-01 -1.114943e-02 -2.312808e-01 9.999776e-01 6.350454e-03 -2.118483e-03 5.981850e+00
-2.867666e-02 -1.060121e-02 -9.995325e-01 -9.158010e+00 -8.375107e-03 9.999112e-01 -1.036494e-02 -2.357957e-01 9.995537e-01 8.073959e-03 -2.876290e-02 5.946468e+00
-4.994486e-02 -1.023563e-02 -9.986995e-01 -9.660485e+00 -1.052485e-02 9.998974e-01 -9.721561e-03 -2.474410e-01 9.986965e-01 1.002562e-02 -5.004747e-02 5.910272e+00
-6.624681e-02 -1.004345e-02 -9.977527e-01 -1.016894e+01 -1.134309e-02 9.998923e-01 -9.311849e-03 -2.532077e-01 9.977388e-01 1.070072e-02 -6.635360e-02 5.863513e+00
-7.942621e-02 -1.124230e-02 -9.967774e-01 -1.070323e+01 -1.118945e-02 9.998835e-01 -1.038573e-02 -2.535768e-01 9.967779e-01 1.032849e-02 -7.954275e-02 5.812563e+00
-8.887046e-02 -1.052286e-02 -9.959876e-01 -1.125860e+01 -9.645787e-03 9.999064e-01 -9.703587e-03 -2.701458e-01 9.959965e-01 8.744722e-03 -8.896365e-02 5.747427e+00
-9.613517e-02 -8.885505e-03 -9.953286e-01 -1.182498e+01 -7.565475e-03 9.999378e-01 -8.195930e-03 -2.896979e-01 9.953395e-01 6.742217e-03 -9.619641e-02 5.694089e+00
-1.005683e-01 -9.553385e-03 -9.948843e-01 -1.249618e+01 -6.853172e-03 9.999368e-01 -8.909147e-03 -2.960971e-01 9.949066e-01 5.922136e-03 -1.006274e-01 5.623786e+00
-1.029161e-01 -1.226859e-02 -9.946144e-01 -1.312270e+01 -6.776424e-03 9.999094e-01 -1.163272e-02 -3.088722e-01 9.946670e-01 5.542734e-03 -1.029899e-01 5.580738e+00
-1.029909e-01 -1.524756e-02 -9.945654e-01 -1.374879e+01 -5.389964e-03 9.998764e-01 -1.477083e-02 -3.101480e-01 9.946677e-01 3.839410e-03 -1.030604e-01 5.534197e+00
-1.018171e-01 -1.462015e-02 -9.946957e-01 -1.438187e+01 -2.627103e-03 9.998925e-01 -1.442762e-02 -3.376712e-01 9.947997e-01 1.144190e-03 -1.018445e-01 5.485569e+00
-1.000248e-01 -1.127653e-02 -9.949210e-01 -1.508579e+01 -1.795097e-03 9.999362e-01 -1.115290e-02 -3.692761e-01 9.949833e-01 6.704137e-04 -1.000387e-01 5.418122e+00
-9.856610e-02 -9.769372e-03 -9.950826e-01 -1.576194e+01 -4.071424e-03 9.999474e-01 -9.413846e-03 -3.863415e-01 9.951222e-01 3.123517e-03 -9.860069e-02 5.341895e+00
-9.749259e-02 -9.254493e-03 -9.951932e-01 -1.652389e+01 -4.395840e-03 9.999510e-01 -8.868105e-03 -3.954817e-01 9.952265e-01 3.510136e-03 -9.752849e-02 5.292518e+00
-9.531846e-02 -4.732924e-03 -9.954356e-01 -1.723877e+01 -8.907920e-04 9.999887e-01 -4.669274e-03 -4.256447e-01 9.954464e-01 4.416581e-04 -9.532160e-02 5.218503e+00
-9.296342e-02 -3.991864e-03 -9.956615e-01 -1.796361e+01 2.839105e-03 9.999868e-01 -4.274289e-03 -4.389388e-01 9.956655e-01 -3.224140e-03 -9.295086e-02 5.134245e+00
-9.081686e-02 -4.218840e-03 -9.958587e-01 -1.869856e+01 4.523319e-03 9.999790e-01 -4.648797e-03 -4.497857e-01 9.958573e-01 -4.926775e-03 -9.079587e-02 5.054202e+00
-8.941420e-02 -2.786250e-03 -9.959906e-01 -1.944471e+01 3.936405e-03 9.999873e-01 -3.150818e-03 -4.601768e-01 9.959867e-01 -4.202350e-03 -8.940210e-02 4.985446e+00
-8.764449e-02 -6.613635e-04 -9.961516e-01 -2.020055e+01 6.748239e-04 9.999995e-01 -7.232913e-04 -4.638701e-01 9.961516e-01 -7.356194e-04 -8.764400e-02 4.908771e+00
-8.656694e-02 2.623448e-04 -9.962460e-01 -2.097762e+01 -5.480687e-04 9.999998e-01 3.109567e-04 -4.564411e-01 9.962459e-01 5.729298e-04 -8.656678e-02 4.844661e+00
-8.490308e-02 1.616671e-03 -9.963879e-01 -2.159258e+01 2.341495e-03 9.999962e-01 1.423004e-03 -4.957426e-01 9.963865e-01 -2.212220e-03 -8.490655e-02 4.824698e+00
-8.305753e-02 -8.365077e-05 -9.965448e-01 -2.240894e+01 6.975199e-03 9.999755e-01 -6.652903e-04 -5.536589e-01 9.965203e-01 -7.006356e-03 -8.305491e-02 4.725363e+00
-8.125107e-02 -1.290641e-03 -9.966928e-01 -2.321496e+01 8.674523e-03 9.999604e-01 -2.002025e-03 -5.698140e-01 9.966559e-01 -8.808502e-03 -8.123666e-02 4.640940e+00
-8.003850e-02 -3.870472e-03 -9.967843e-01 -2.402068e+01 4.129738e-03 9.999826e-01 -4.214495e-03 -6.267331e-01 9.967832e-01 -4.453780e-03 -8.002112e-02 4.526266e+00
-8.035531e-02 -4.474007e-03 -9.967562e-01 -2.483289e+01 -3.383962e-03 9.999854e-01 -4.215697e-03 -6.407876e-01 9.967605e-01 3.034232e-03 -8.036927e-02 4.468466e+00
-8.022279e-02 -9.533823e-03 -9.967314e-01 -2.547077e+01 -8.405748e-03 9.999252e-01 -8.887828e-03 -6.509760e-01 9.967415e-01 7.665267e-03 -8.029693e-02 4.354355e+00
-8.021351e-02 -1.058171e-02 -9.967215e-01 -2.631010e+01 -7.622712e-03 9.999209e-01 -1.000222e-02 -6.673916e-01 9.967486e-01 6.795407e-03 -8.028783e-02 4.266503e+00
-7.980049e-02 -9.566626e-03 -9.967649e-01 -2.722880e+01 2.897553e-05 9.999539e-01 -9.599552e-03 -6.899905e-01 9.968109e-01 -7.949308e-04 -7.979654e-02 4.171293e+00
-7.995512e-02 -7.585524e-03 -9.967696e-01 -2.810016e+01 7.327909e-03 9.999395e-01 -8.197450e-03 -7.075133e-01 9.967715e-01 -7.959665e-03 -7.989470e-02 4.086971e+00
-8.109871e-02 -4.591470e-03 -9.966955e-01 -2.910491e+01 1.419761e-02 9.998826e-01 -5.761377e-03 -8.453095e-01 9.966050e-01 -1.461794e-02 -8.102400e-02 4.086950e+00
-8.153513e-02 -2.417556e-03 -9.966675e-01 -2.994029e+01 1.533459e-02 9.998756e-01 -3.679826e-03 -8.818532e-01 9.965525e-01 -1.558352e-02 -8.148792e-02 4.016427e+00
-8.339146e-02 3.349550e-03 -9.965112e-01 -3.095083e+01 9.728253e-03 9.999494e-01 2.547013e-03 -7.905943e-01 9.964694e-01 -9.481915e-03 -8.341983e-02 4.049791e+00
-8.487621e-02 2.121260e-03 -9.963892e-01 -3.184589e+01 6.356286e-03 9.999785e-01 1.587449e-03 -7.946215e-01 9.963712e-01 -6.198598e-03 -8.488787e-02 4.013606e+00
-8.546684e-02 3.168535e-03 -9.963360e-01 -3.266848e+01 7.614552e-03 9.999678e-01 2.526900e-03 -8.009643e-01 9.963119e-01 -7.370686e-03 -8.548821e-02 3.942554e+00
-8.599010e-02 3.886094e-03 -9.962884e-01 -3.348569e+01 1.060860e-02 9.999393e-01 2.984702e-03 -8.238418e-01 9.962395e-01 -1.031257e-02 -8.602611e-02 3.886559e+00
-8.534351e-02 5.302649e-03 -9.963375e-01 -3.431011e+01 9.221047e-03 9.999472e-01 4.532011e-03 -8.457366e-01 9.963089e-01 -8.800497e-03 -8.538790e-02 3.794483e+00
-8.461123e-02 6.503602e-03 -9.963928e-01 -3.514860e+01 4.324741e-03 9.999717e-01 6.159715e-03 -8.654964e-01 9.964047e-01 -3.787960e-03 -8.463696e-02 3.702626e+00
-8.445128e-02 7.613522e-03 -9.963985e-01 -3.597382e+01 4.687743e-04 9.999710e-01 7.601087e-03 -8.722437e-01 9.964275e-01 1.748356e-04 -8.445240e-02 3.623321e+00
-8.428526e-02 6.857756e-03 -9.964181e-01 -3.681637e+01 9.538400e-04 9.999764e-01 6.801562e-03 -8.766770e-01 9.964412e-01 -3.771520e-04 -8.428981e-02 3.550708e+00
-8.477324e-02 6.082986e-03 -9.963817e-01 -3.763313e+01 3.345628e-03 9.999775e-01 5.820288e-03 -8.901464e-01 9.963947e-01 -2.840117e-03 -8.479168e-02 3.507367e+00
-8.490863e-02 5.167064e-03 -9.963753e-01 -3.846309e+01 8.085020e-03 9.999572e-01 4.496653e-03 -8.948088e-01 9.963559e-01 -7.673910e-03 -8.494677e-02 3.442223e+00
-8.452521e-02 4.117484e-03 -9.964128e-01 -3.928883e+01 1.368020e-02 9.999020e-01 2.971418e-03 -9.108282e-01 9.963274e-01 -1.337996e-02 -8.457325e-02 3.372263e+00
-8.482839e-02 4.299176e-03 -9.963863e-01 -4.010999e+01 1.722535e-02 9.998476e-01 2.847612e-03 -9.309244e-01 9.962467e-01 -1.692154e-02 -8.488952e-02 3.301278e+00
-8.449585e-02 4.065474e-03 -9.964155e-01 -4.093864e+01 1.685288e-02 9.998545e-01 2.650384e-03 -9.423189e-01 9.962813e-01 -1.656853e-02 -8.455206e-02 3.224540e+00
-8.516692e-02 4.021656e-03 -9.963586e-01 -4.176111e+01 1.191740e-02 9.999244e-01 3.017371e-03 -9.492178e-01 9.962954e-01 -1.161703e-02 -8.520841e-02 3.164218e+00
-8.612671e-02 5.069847e-03 -9.962713e-01 -4.257216e+01 8.460304e-03 9.999547e-01 4.357206e-03 -9.731480e-01 9.962483e-01 -8.053486e-03 -8.616570e-02 3.115269e+00
-8.552003e-02 8.662527e-03 -9.962988e-01 -4.338608e+01 6.081163e-03 9.999481e-01 8.172263e-03 -9.811393e-01 9.963179e-01 -5.359763e-03 -8.556827e-02 3.027057e+00
-8.606346e-02 1.178692e-02 -9.962199e-01 -4.422129e+01 5.131565e-03 9.999220e-01 1.138741e-02 -9.906860e-01 9.962764e-01 -4.132128e-03 -8.611723e-02 2.945171e+00
-8.749274e-02 9.671041e-03 -9.961182e-01 -4.503315e+01 3.331083e-03 9.999501e-01 9.415663e-03 -1.006331e+00 9.961596e-01 -2.494350e-03 -8.752060e-02 2.881747e+00
-9.072008e-02 5.625426e-03 -9.958605e-01 -4.584324e+01 -3.140569e-03 9.999775e-01 5.934778e-03 -9.811105e-01 9.958715e-01 3.665972e-03 -9.070037e-02 2.837548e+00
-9.188317e-02 1.224206e-03 -9.957690e-01 -4.665809e+01 -5.553414e-03 9.999831e-01 1.741821e-03 -9.826936e-01 9.957543e-01 5.689962e-03 -9.187482e-02 2.768231e+00
-9.391563e-02 8.529071e-04 -9.955798e-01 -4.747874e+01 -2.488960e-03 9.999963e-01 1.091481e-03 -9.858959e-01 9.955770e-01 2.580466e-03 -9.391316e-02 2.687381e+00
-9.583855e-02 -1.460240e-03 -9.953958e-01 -4.829886e+01 3.260603e-03 9.999931e-01 -1.780921e-03 -9.963149e-01 9.953916e-01 -3.416271e-03 -9.583312e-02 2.610953e+00
-9.825857e-02 -3.714488e-04 -9.951608e-01 -4.908269e+01 7.688430e-03 9.999698e-01 -1.132371e-03 -1.038910e+00 9.951312e-01 -7.762489e-03 -9.825275e-02 2.560228e+00
-1.001559e-01 2.601570e-04 -9.949717e-01 -4.988009e+01 6.603963e-03 9.999781e-01 -4.033023e-04 -1.051985e+00 9.949498e-01 -6.611150e-03 -1.001554e-01 2.491278e+00
-1.011641e-01 3.216483e-03 -9.948646e-01 -5.065663e+01 2.911817e-03 9.999914e-01 2.936967e-03 -1.058242e+00 9.948655e-01 -2.599748e-03 -1.011726e-01 2.401766e+00
-1.022888e-01 7.805257e-03 -9.947241e-01 -5.144858e+01 2.072095e-04 9.999694e-01 7.825107e-03 -1.072861e+00 9.947547e-01 5.943045e-04 -1.022873e-01 2.298309e+00
-1.070207e-01 2.611058e-02 -9.939139e-01 -5.182329e+01 4.392881e-03 9.996578e-01 2.578847e-02 -1.263013e+00 9.942471e-01 -1.606244e-03 -1.070988e-01 2.598108e+00
-1.077875e-01 2.765804e-02 -9.937892e-01 -5.262859e+01 5.696166e-03 9.996137e-01 2.720233e-02 -1.261348e+00 9.941576e-01 -2.728715e-03 -1.079035e-01 2.491831e+00
-1.089031e-01 2.342112e-02 -9.937764e-01 -5.339875e+01 7.024852e-03 9.997156e-01 2.279127e-02 -1.280790e+00 9.940276e-01 -4.499093e-03 -1.090366e-01 2.394811e+00
-1.096023e-01 2.608361e-02 -9.936332e-01 -5.423126e+01 7.179460e-03 9.996503e-01 2.544963e-02 -1.286933e+00 9.939496e-01 -4.344412e-03 -1.097512e-01 2.289895e+00
-1.084986e-01 2.735681e-02 -9.937201e-01 -5.510588e+01 7.755053e-03 9.996141e-01 2.667234e-02 -1.327648e+00 9.940663e-01 -4.812440e-03 -1.086689e-01 2.092787e+00
-1.090513e-01 2.588331e-02 -9.936991e-01 -5.591237e+01 8.518337e-03 9.996486e-01 2.510345e-02 -1.301897e+00 9.939996e-01 -5.727098e-03 -1.092335e-01 1.997019e+00
-1.097300e-01 2.423178e-02 -9.936660e-01 -5.669440e+01 1.098040e-02 9.996713e-01 2.316567e-02 -1.294479e+00 9.939008e-01 -8.368881e-03 -1.099601e-01 1.913344e+00
-1.098234e-01 2.413872e-02 -9.936580e-01 -5.746497e+01 1.517585e-02 9.996293e-01 2.260648e-02 -1.291719e+00 9.938353e-01 -1.259688e-02 -1.101490e-01 1.814158e+00
-1.101241e-01 2.485117e-02 -9.936071e-01 -5.821406e+01 1.712575e-02 9.995864e-01 2.310263e-02 -1.288042e+00 9.937703e-01 -1.447211e-02 -1.105041e-01 1.722487e+00
-1.104754e-01 2.349425e-02 -9.936011e-01 -5.893458e+01 1.726814e-02 9.996150e-01 2.171646e-02 -1.300600e+00 9.937288e-01 -1.475851e-02 -1.108386e-01 1.614545e+00
-1.107854e-01 2.258784e-02 -9.935876e-01 -5.969245e+01 1.510341e-02 9.996645e-01 2.104195e-02 -1.301687e+00 9.937296e-01 -1.267542e-02 -1.110893e-01 1.522504e+00
-1.105989e-01 2.198600e-02 -9.936219e-01 -6.036376e+01 1.178686e-02 9.997140e-01 2.080882e-02 -1.307370e+00 9.937952e-01 -9.410247e-03 -1.108264e-01 1.416041e+00
-1.104317e-01 2.178988e-02 -9.936448e-01 -6.108273e+01 8.829838e-03 9.997417e-01 2.094224e-02 -1.308060e+00 9.938445e-01 -6.461035e-03 -1.105956e-01 1.330318e+00
-1.086930e-01 2.230882e-02 -9.938250e-01 -6.179971e+01 6.402348e-03 9.997431e-01 2.174145e-02 -1.299827e+00 9.940547e-01 -3.999671e-03 -1.088079e-01 1.235210e+00
-1.072420e-01 2.380368e-02 -9.939480e-01 -6.249837e+01 6.645232e-03 9.997082e-01 2.322464e-02 -1.312820e+00 9.942107e-01 -4.114359e-03 -1.073689e-01 1.170030e+00
-1.028749e-01 2.325439e-02 -9.944224e-01 -6.315471e+01 7.348838e-03 9.997172e-01 2.261796e-02 -1.313351e+00 9.946672e-01 -4.981029e-03 -1.030167e-01 1.080445e+00
-9.672756e-02 2.484061e-02 -9.950009e-01 -6.354956e+01 1.046814e-02 9.996586e-01 2.393924e-02 -1.373858e+00 9.952558e-01 -8.100227e-03 -9.695457e-02 1.056583e+00
-8.986763e-02 2.331681e-02 -9.956807e-01 -6.420463e+01 1.167159e-02 9.996819e-01 2.235706e-02 -1.372313e+00 9.958853e-01 -9.611996e-03 -9.011119e-02 1.003568e+00
-8.131644e-02 2.387357e-02 -9.964024e-01 -6.484329e+01 1.332949e-02 9.996497e-01 2.286356e-02 -1.380406e+00 9.965992e-01 -1.142236e-02 -8.160618e-02 9.540385e-01
-6.950294e-02 2.581554e-02 -9.972477e-01 -6.547296e+01 1.561596e-02 9.995708e-01 2.478732e-02 -1.385072e+00 9.974595e-01 -1.385019e-02 -6.987624e-02 9.076560e-01
-5.465728e-02 2.802039e-02 -9.981119e-01 -6.608873e+01 1.764634e-02 9.994772e-01 2.709240e-02 -1.388022e+00 9.983492e-01 -1.613223e-02 -5.512316e-02 8.736452e-01
-3.627887e-02 2.887781e-02 -9.989244e-01 -6.668125e+01 1.903939e-02 9.994209e-01 2.820070e-02 -1.388062e+00 9.991603e-01 -1.799582e-02 -3.680768e-02 8.544673e-01
-1.406865e-02 2.868937e-02 -9.994894e-01 -6.725007e+01 1.996610e-02 9.993971e-01 2.840568e-02 -1.385431e+00 9.997017e-01 -1.955627e-02 -1.463298e-02 8.521483e-01
1.134198e-02 2.685472e-02 -9.995750e-01 -6.780021e+01 2.032040e-02 9.994267e-01 2.708130e-02 -1.384282e+00 9.997292e-01 -2.061892e-02 1.078978e-02 8.703276e-01
4.032366e-02 2.367942e-02 -9.989060e-01 -6.833131e+01 2.020138e-02 9.994955e-01 2.450888e-02 -1.381847e+00 9.989824e-01 -2.116757e-02 3.982496e-02 9.140886e-01
7.451348e-02 2.102785e-02 -9.969983e-01 -6.883812e+01 2.029315e-02 9.995387e-01 2.259810e-02 -1.377762e+00 9.970135e-01 -2.191610e-02 7.405238e-02 9.712766e-01
1.122522e-01 1.867800e-02 -9.935042e-01 -6.931807e+01 2.068705e-02 9.995627e-01 2.112925e-02 -1.370473e+00 9.934644e-01 -2.292447e-02 1.118167e-01 1.044990e+00
1.533111e-01 1.639677e-02 -9.880419e-01 -6.978397e+01 2.071415e-02 9.995893e-01 1.980255e-02 -1.366508e+00 9.879608e-01 -2.350240e-02 1.529085e-01 1.137333e+00
1.989902e-01 1.284508e-02 -9.799173e-01 -7.023829e+01 2.230837e-02 9.995956e-01 1.763316e-02 -1.362427e+00 9.797475e-01 -2.536918e-02 1.986231e-01 1.246585e+00
2.468937e-01 7.212921e-03 -9.690157e-01 -7.072002e+01 2.260294e-02 9.996574e-01 1.319996e-02 -1.359558e+00 9.687789e-01 -2.516159e-02 2.466461e-01 1.407083e+00
2.970696e-01 -2.855630e-03 -9.548515e-01 -7.115826e+01 2.225489e-02 9.997446e-01 3.933965e-03 -1.356292e+00 9.545964e-01 -2.241878e-02 2.970573e-01 1.578631e+00
3.487250e-01 -1.084112e-02 -9.371624e-01 -7.155715e+01 2.261314e-02 9.997393e-01 -3.150493e-03 -1.382484e+00 9.369522e-01 -2.009353e-02 3.488793e-01 1.752161e+00
4.016690e-01 -1.878769e-02 -9.155922e-01 -7.197266e+01 2.307375e-02 9.996798e-01 -1.039072e-02 -1.398838e+00 9.154942e-01 -1.695252e-02 4.019739e-01 1.953622e+00
4.559559e-01 -2.186736e-02 -8.897337e-01 -7.238214e+01 2.600745e-02 9.995986e-01 -1.123969e-02 -1.448299e+00 8.896223e-01 -1.801491e-02 4.563416e-01 2.134463e+00
5.053066e-01 -2.595679e-02 -8.625494e-01 -7.278049e+01 2.828272e-02 9.995087e-01 -1.350948e-02 -1.468972e+00 8.624762e-01 -1.756881e-02 5.057925e-01 2.374646e+00
5.504804e-01 -3.541159e-02 -8.340968e-01 -7.314294e+01 3.376696e-02 9.992268e-01 -2.013695e-02 -1.486802e+00 8.341650e-01 -1.707992e-02 5.512505e-01 2.654314e+00
5.949512e-01 -4.817789e-02 -8.023166e-01 -7.348279e+01 4.136134e-02 9.987145e-01 -2.930013e-02 -1.515362e+00 8.026969e-01 -1.575275e-02 5.961791e-01 2.939765e+00
6.380106e-01 -5.159075e-02 -7.682974e-01 -7.380947e+01 3.942506e-02 9.986330e-01 -3.431824e-02 -1.527910e+00 7.690176e-01 -8.394770e-03 6.391724e-01 3.247542e+00
6.796095e-01 -5.011974e-02 -7.318599e-01 -7.409555e+01 3.228090e-02 9.987401e-01 -3.842018e-02 -1.539681e+00 7.328635e-01 2.485618e-03 6.803712e-01 3.547695e+00
7.203602e-01 -4.684070e-02 -6.920167e-01 -7.436997e+01 2.202639e-02 9.987587e-01 -4.467467e-02 -1.573637e+00 6.932504e-01 1.693923e-02 7.204977e-01 3.879388e+00
7.599405e-01 -4.087256e-02 -6.487063e-01 -7.464774e+01 1.223578e-02 9.987437e-01 -4.859325e-02 -1.583900e+00 6.498775e-01 2.899054e-02 7.594859e-01 4.245709e+00
7.968392e-01 -3.773188e-02 -6.030121e-01 -7.489178e+01 8.964785e-03 9.986766e-01 -5.064318e-02 -1.604122e+00 6.041249e-01 3.494860e-02 7.961229e-01 4.641899e+00
8.310152e-01 -3.578633e-02 -5.550974e-01 -7.513493e+01 7.887432e-03 9.985861e-01 -5.256944e-02 -1.636473e+00 5.561938e-01 3.930771e-02 8.301225e-01 5.066293e+00
8.619460e-01 -2.991151e-02 -5.061170e-01 -7.537205e+01 3.588187e-03 9.985931e-01 -5.290595e-02 -1.668909e+00 5.069874e-01 4.378603e-02 8.608406e-01 5.521722e+00
8.882250e-01 -2.629137e-02 -4.586558e-01 -7.559304e+01 3.015003e-03 9.986732e-01 -5.140779e-02 -1.699727e+00 4.593989e-01 4.427883e-02 8.871257e-01 6.007157e+00
9.103244e-01 -1.738210e-02 -4.135303e-01 -7.587207e+01 -2.705522e-03 9.988465e-01 -4.794075e-02 -1.712463e+00 4.138866e-01 4.476045e-02 9.092273e-01 6.499580e+00
9.282139e-01 -9.242557e-03 -3.719321e-01 -7.606992e+01 -8.994697e-03 9.988417e-01 -4.726899e-02 -1.730409e+00 3.719382e-01 4.722115e-02 9.270556e-01 7.000798e+00
9.422476e-01 -1.037384e-03 -3.349155e-01 -7.629776e+01 -1.359002e-02 9.990532e-01 -4.132855e-02 -1.865434e+00 3.346412e-01 4.349323e-02 9.413414e-01 7.548854e+00
9.524721e-01 6.202856e-04 -3.046253e-01 -7.646504e+01 -1.320133e-02 9.991425e-01 -3.924212e-02 -1.897729e+00 3.043397e-01 4.139848e-02 9.516635e-01 8.104815e+00
9.599030e-01 -9.575231e-06 -2.803325e-01 -7.660785e+01 -1.100861e-02 9.992274e-01 -3.772935e-02 -1.949761e+00 2.801163e-01 3.930258e-02 9.591612e-01 8.681242e+00
9.657068e-01 7.128175e-04 -2.596342e-01 -7.674359e+01 -1.054660e-02 9.992786e-01 -3.648449e-02 -1.959299e+00 2.594209e-01 3.797157e-02 9.650176e-01 9.284423e+00
9.704027e-01 2.831054e-03 -2.414760e-01 -7.687290e+01 -1.134880e-02 9.993611e-01 -3.389015e-02 -1.966396e+00 2.412258e-01 3.562755e-02 9.698148e-01 9.854406e+00
9.739376e-01 4.322197e-03 -2.267750e-01 -7.700313e+01 -1.202552e-02 9.993962e-01 -3.259848e-02 -2.029886e+00 2.264972e-01 3.447597e-02 9.734015e-01 1.067994e+01
9.769052e-01 8.730724e-03 -2.134946e-01 -7.714992e+01 -1.561794e-02 9.994099e-01 -3.059411e-02 -2.058395e+00 2.131015e-01 3.322190e-02 9.764651e-01 1.133109e+01
9.798377e-01 7.818505e-03 -1.996423e-01 -7.729602e+01 -1.416635e-02 9.994378e-01 -3.038744e-02 -2.100268e+00 1.992924e-01 3.260296e-02 9.793976e-01 1.199196e+01
9.825939e-01 7.647246e-03 -1.856094e-01 -7.743186e+01 -1.351962e-02 9.994466e-01 -3.039331e-02 -2.134113e+00 1.852742e-01 3.237365e-02 9.821535e-01 1.267804e+01
9.852293e-01 8.929236e-03 -1.710073e-01 -7.755234e+01 -1.416733e-02 9.994663e-01 -2.943498e-02 -2.163212e+00 1.706532e-01 3.142292e-02 9.848300e-01 1.336766e+01
9.875765e-01 1.123517e-02 -1.567369e-01 -7.766943e+01 -1.585034e-02 9.994759e-01 -2.822653e-02 -2.198587e+00 1.563376e-01 3.036019e-02 9.872370e-01 1.407312e+01
9.895297e-01 1.210308e-02 -1.438209e-01 -7.778030e+01 -1.665091e-02 9.993973e-01 -3.045998e-02 -2.239625e+00 1.433656e-01 3.253581e-02 9.891348e-01 1.480001e+01
9.910501e-01 1.400365e-02 -1.327536e-01 -7.787899e+01 -1.885513e-02 9.991968e-01 -3.535855e-02 -2.274109e+00 1.321518e-01 3.754519e-02 9.905182e-01 1.553904e+01
9.923632e-01 1.283190e-02 -1.226809e-01 -7.797385e+01 -1.806929e-02 9.989678e-01 -4.167433e-02 -2.302242e+00 1.220195e-01 4.357283e-02 9.915708e-01 1.627519e+01
9.934212e-01 1.338240e-02 -1.137328e-01 -7.807979e+01 -1.820657e-02 9.989733e-01 -4.148432e-02 -2.341063e+00 1.130609e-01 4.328209e-02 9.926449e-01 1.704036e+01
9.941707e-01 1.540077e-02 -1.067115e-01 -7.817242e+01 -1.921203e-02 9.992103e-01 -3.478004e-02 -2.383979e+00 1.060916e-01 3.662744e-02 9.936815e-01 1.780520e+01
9.946353e-01 1.916928e-02 -1.016522e-01 -7.826448e+01 -2.191904e-02 9.994215e-01 -2.600295e-02 -2.427664e+00 1.010949e-01 2.809157e-02 9.944801e-01 1.857675e+01
9.950810e-01 1.977786e-02 -9.707039e-02 -7.835225e+01 -2.202840e-02 9.995115e-01 -2.216793e-02 -2.464281e+00 9.658454e-02 2.419719e-02 9.950306e-01 1.934649e+01
9.954473e-01 1.883626e-02 -9.343414e-02 -7.843034e+01 -2.115366e-02 9.994911e-01 -2.387437e-02 -2.488624e+00 9.293689e-02 2.574215e-02 9.953392e-01 2.011637e+01
9.956986e-01 1.933447e-02 -9.061127e-02 -7.850080e+01 -2.161456e-02 9.994722e-01 -2.425001e-02 -2.527054e+00 9.009459e-02 2.610423e-02 9.955910e-01 2.088750e+01
9.959852e-01 1.864496e-02 -8.755519e-02 -7.857847e+01 -2.062078e-02 9.995515e-01 -2.171646e-02 -2.565699e+00 8.711101e-02 2.343473e-02 9.959229e-01 2.166793e+01
9.962410e-01 1.708424e-02 -8.492374e-02 -7.865620e+01 -1.882661e-02 9.996275e-01 -1.975843e-02 -2.594359e+00 8.455455e-02 2.128298e-02 9.961915e-01 2.249303e+01
9.961500e-01 2.112948e-02 -8.508099e-02 -7.856868e+01 -2.247644e-02 9.996363e-01 -1.490473e-02 -2.731938e+00 8.473512e-02 1.675967e-02 9.962626e-01 2.317307e+01
9.963901e-01 2.009563e-02 -8.248010e-02 -7.864109e+01 -2.165156e-02 9.996033e-01 -1.801340e-02 -2.771733e+00 8.208539e-02 1.973419e-02 9.964299e-01 2.392187e+01
9.964640e-01 2.219509e-02 -8.103595e-02 -7.868572e+01 -2.429123e-02 9.993930e-01 -2.497313e-02 -2.794133e+00 8.043248e-02 2.685329e-02 9.963983e-01 2.460236e+01
9.965594e-01 2.355901e-02 -7.946329e-02 -7.874678e+01 -2.619479e-02 9.991352e-01 -3.229199e-02 -2.829543e+00 7.863380e-02 3.426241e-02 9.963146e-01 2.536977e+01
9.959436e-01 2.418178e-02 -8.666886e-02 -7.857752e+01 -2.716183e-02 9.990739e-01 -3.337150e-02 -2.943219e+00 8.578161e-02 3.559022e-02 9.956781e-01 2.612678e+01
9.961373e-01 2.564953e-02 -8.397962e-02 -7.865597e+01 -2.829610e-02 9.991349e-01 -3.047720e-02 -3.007708e+00 8.312524e-02 3.273578e-02 9.960013e-01 2.683337e+01
9.962758e-01 2.541901e-02 -8.239164e-02 -7.871495e+01 -2.763561e-02 9.992831e-01 -2.587526e-02 -3.056390e+00 8.167485e-02 2.805584e-02 9.962641e-01 2.759799e+01
9.964619e-01 2.199822e-02 -8.111586e-02 -7.877966e+01 -2.339953e-02 9.995922e-01 -1.636548e-02 -3.139588e+00 8.072278e-02 1.820565e-02 9.965703e-01 2.833404e+01
9.964588e-01 2.488194e-02 -8.031657e-02 -7.878294e+01 -2.735532e-02 9.991802e-01 -2.984316e-02 -2.886915e+00 7.950817e-02 3.193456e-02 9.963226e-01 2.914785e+01
9.964465e-01 2.490403e-02 -8.046160e-02 -7.867279e+01 -2.741553e-02 9.991660e-01 -3.026098e-02 -2.878728e+00 7.964088e-02 3.235934e-02 9.962983e-01 2.954221e+01
9.964691e-01 2.551861e-02 -7.998868e-02 -7.869910e+01 -2.784216e-02 9.992182e-01 -2.806888e-02 -2.978309e+00 7.920986e-02 3.019683e-02 9.964005e-01 3.022444e+01
9.964838e-01 2.948617e-02 -7.842585e-02 -7.877591e+01 -3.186947e-02 9.990621e-01 -2.931303e-02 -3.046449e+00 7.748797e-02 3.170935e-02 9.964889e-01 3.102861e+01
9.966539e-01 2.750049e-02 -7.697285e-02 -7.885563e+01 -2.995357e-02 9.990736e-01 -3.089831e-02 -3.076894e+00 7.605183e-02 3.310053e-02 9.965543e-01 3.179015e+01
9.965512e-01 3.294829e-02 -7.615881e-02 -7.890687e+01 -3.527835e-02 9.989434e-01 -2.945426e-02 -3.185065e+00 7.510787e-02 3.203944e-02 9.966606e-01 3.259799e+01
9.965261e-01 3.567824e-02 -7.525138e-02 -7.897820e+01 -3.788832e-02 9.988854e-01 -2.814874e-02 -3.217375e+00 7.416321e-02 3.090210e-02 9.967672e-01 3.336907e+01
9.965622e-01 3.526031e-02 -7.497011e-02 -7.905086e+01 -3.752440e-02 9.988746e-01 -2.900859e-02 -3.254429e+00 7.386288e-02 3.172207e-02 9.967638e-01 3.413934e+01
9.964662e-01 3.508319e-02 -7.631714e-02 -7.912389e+01 -3.744954e-02 9.988541e-01 -2.979943e-02 -3.281389e+00 7.518423e-02 3.255216e-02 9.966382e-01 3.492877e+01
9.963474e-01 3.321688e-02 -7.866692e-02 -7.918448e+01 -3.563909e-02 9.989266e-01 -2.958918e-02 -3.315861e+00 7.759962e-02 3.228472e-02 9.964617e-01 3.570755e+01
9.960179e-01 3.475781e-02 -8.209921e-02 -7.924847e+01 -3.732032e-02 9.988563e-01 -2.988626e-02 -3.347884e+00 8.096654e-02 3.283122e-02 9.961760e-01 3.649333e+01
9.956647e-01 3.766500e-02 -8.504823e-02 -7.932692e+01 -4.031508e-02 9.987467e-01 -2.965970e-02 -3.388319e+00 8.382451e-02 3.295984e-02 9.959353e-01 3.727455e+01
9.953957e-01 3.957791e-02 -8.729841e-02 -7.940585e+01 -4.269835e-02 9.985035e-01 -3.417096e-02 -3.430591e+00 8.581535e-02 3.774112e-02 9.955960e-01 3.805906e+01
9.951713e-01 4.085865e-02 -8.924476e-02 -7.948779e+01 -4.429274e-02 9.983390e-01 -3.684337e-02 -3.475242e+00 8.759115e-02 4.061836e-02 9.953281e-01 3.882933e+01
9.948559e-01 4.168551e-02 -9.232586e-02 -7.952808e+01 -4.542030e-02 9.982170e-01 -3.872666e-02 -3.523008e+00 9.054690e-02 4.272091e-02 9.949755e-01 3.958232e+01
9.946548e-01 4.107788e-02 -9.473363e-02 -7.961429e+01 -4.482091e-02 9.982824e-01 -3.772696e-02 -3.556072e+00 9.302117e-02 4.177134e-02 9.947875e-01 4.043188e+01
9.945343e-01 3.897733e-02 -9.686226e-02 -7.970198e+01 -4.274028e-02 9.983978e-01 -3.708149e-02 -3.602742e+00 9.526173e-02 4.101874e-02 9.946068e-01 4.125198e+01
9.942447e-01 3.720770e-02 -1.004643e-01 -7.973112e+01 -4.095839e-02 9.985289e-01 -3.553207e-02 -3.668932e+00 9.899440e-02 3.944243e-02 9.943060e-01 4.214252e+01
9.941256e-01 3.721427e-02 -1.016332e-01 -7.981630e+01 -4.062811e-02 9.986705e-01 -3.172832e-02 -3.718473e+00 1.003174e-01 3.567111e-02 9.943158e-01 4.300402e+01
9.941803e-01 3.712433e-02 -1.011304e-01 -7.995083e+01 -3.990171e-02 9.988761e-01 -2.557974e-02 -3.805737e+00 1.000671e-01 2.946615e-02 9.945443e-01 4.387618e+01
9.942479e-01 3.672168e-02 -1.006116e-01 -8.003723e+01 -3.927642e-02 9.989513e-01 -2.352935e-02 -3.843136e+00 9.964205e-02 2.734567e-02 9.946475e-01 4.473489e+01
9.944115e-01 4.008421e-02 -9.766750e-02 -8.015432e+01 -4.245436e-02 9.988493e-01 -2.231064e-02 -3.895021e+00 9.666081e-02 2.633237e-02 9.949690e-01 4.558702e+01
9.945870e-01 4.040192e-02 -9.573125e-02 -8.024291e+01 -4.284241e-02 9.988036e-01 -2.357562e-02 -3.927533e+00 9.466423e-02 2.754936e-02 9.951280e-01 4.644782e+01
9.948303e-01 3.809564e-02 -9.413485e-02 -8.032190e+01 -4.069047e-02 9.988386e-01 -2.580039e-02 -3.963910e+00 9.304264e-02 2.949740e-02 9.952251e-01 4.730148e+01
9.953253e-01 3.372927e-02 -9.049812e-02 -8.045252e+01 -3.649978e-02 9.989089e-01 -2.913529e-02 -3.964668e+00 8.941666e-02 3.230225e-02 9.954704e-01 4.817927e+01
9.954786e-01 3.346475e-02 -8.889552e-02 -8.052648e+01 -3.620553e-02 9.989118e-01 -2.939973e-02 -4.005200e+00 8.781493e-02 3.248531e-02 9.956070e-01 4.905961e+01
9.957125e-01 3.108461e-02 -8.712292e-02 -8.061786e+01 -3.362792e-02 9.990455e-01 -2.787783e-02 -4.031984e+00 8.617319e-02 3.068807e-02 9.958074e-01 4.993343e+01
9.959494e-01 2.801670e-02 -8.543879e-02 -8.070863e+01 -3.021515e-02 9.992419e-01 -2.454746e-02 -4.087543e+00 8.468629e-02 2.702958e-02 9.960410e-01 5.080294e+01
9.958645e-01 2.826538e-02 -8.634193e-02 -8.074779e+01 -3.037792e-02 9.992680e-01 -2.325170e-02 -4.149384e+00 8.562151e-02 2.577843e-02 9.959942e-01 5.169303e+01
9.964773e-01 2.561459e-02 -7.985543e-02 -8.095709e+01 -2.755047e-02 9.993503e-01 -2.323538e-02 -4.239734e+00 7.920838e-02 2.535359e-02 9.965356e-01 5.249836e+01
9.970066e-01 2.861638e-02 -7.182540e-02 -8.111756e+01 -3.090950e-02 9.990407e-01 -3.102033e-02 -4.251708e+00 7.086881e-02 3.314756e-02 9.969347e-01 5.317387e+01
9.970262e-01 2.996899e-02 -7.099698e-02 -8.118433e+01 -3.260068e-02 9.988126e-01 -3.620339e-02 -4.296311e+00 6.982769e-02 3.841027e-02 9.968193e-01 5.403757e+01
9.969593e-01 3.451335e-02 -6.986393e-02 -8.126581e+01 -3.749383e-02 9.984219e-01 -4.180899e-02 -4.340732e+00 6.831071e-02 4.430132e-02 9.966800e-01 5.488838e+01
9.970183e-01 3.458571e-02 -6.898007e-02 -8.132524e+01 -3.759129e-02 9.983779e-01 -4.276002e-02 -4.387922e+00 6.738930e-02 4.522558e-02 9.967012e-01 5.573203e+01
9.972656e-01 3.018460e-02 -6.745535e-02 -8.140992e+01 -3.276759e-02 9.987585e-01 -3.751906e-02 -4.425793e+00 6.623911e-02 3.962682e-02 9.970166e-01 5.659660e+01
9.971774e-01 3.028392e-02 -6.870367e-02 -8.141631e+01 -3.232887e-02 9.990608e-01 -2.885064e-02 -4.452800e+00 6.776543e-02 3.099031e-02 9.972199e-01 5.746869e+01
9.970584e-01 2.827827e-02 -7.123790e-02 -8.146615e+01 -2.989399e-02 9.993171e-01 -2.171735e-02 -4.489137e+00 7.057512e-02 2.378305e-02 9.972229e-01 5.835360e+01
9.969434e-01 2.715363e-02 -7.325689e-02 -8.153947e+01 -2.901121e-02 9.992809e-01 -2.441312e-02 -4.520633e+00 7.254131e-02 2.646377e-02 9.970143e-01 5.923283e+01
9.968319e-01 2.299384e-02 -7.614050e-02 -8.158708e+01 -2.573128e-02 9.990501e-01 -3.516874e-02 -4.470706e+00 7.525950e-02 3.701652e-02 9.964767e-01 6.004870e+01
9.964894e-01 2.158434e-02 -8.088855e-02 -8.162877e+01 -2.456958e-02 9.990463e-01 -3.609375e-02 -4.525404e+00 8.003235e-02 3.795444e-02 9.960694e-01 6.086906e+01
9.961553e-01 2.415429e-02 -8.420895e-02 -8.169611e+01 -2.750198e-02 9.988675e-01 -3.882373e-02 -4.561716e+00 8.317583e-02 4.099038e-02 9.956915e-01 6.170303e+01
9.956392e-01 3.318654e-02 -8.718539e-02 -8.180448e+01 -3.682175e-02 9.985040e-01 -4.042294e-02 -4.679713e+00 8.571346e-02 4.345698e-02 9.953716e-01 6.263890e+01
9.953222e-01 3.391001e-02 -9.046409e-02 -8.188307e+01 -3.807679e-02 9.982728e-01 -4.473852e-02 -4.706065e+00 8.879076e-02 4.797383e-02 9.948943e-01 6.333713e+01
9.949059e-01 3.572788e-02 -9.426479e-02 -8.195491e+01 -4.039500e-02 9.980265e-01 -4.807575e-02 -4.767641e+00 9.236112e-02 5.163867e-02 9.943857e-01 6.415496e+01
9.923508e-01 4.927220e-02 -1.131905e-01 -8.127054e+01 -5.548073e-02 9.970854e-01 -5.236978e-02 -4.863814e+00 1.102802e-01 5.824908e-02 9.921922e-01 6.659187e+01
9.914624e-01 5.074537e-02 -1.201132e-01 -8.129712e+01 -5.712016e-02 9.971026e-01 -5.023724e-02 -4.946852e+00 1.172158e-01 5.666922e-02 9.914883e-01 6.752475e+01
9.905232e-01 5.222941e-02 -1.270268e-01 -8.133027e+01 -5.874450e-02 9.971139e-01 -4.809315e-02 -5.028034e+00 1.241484e-01 5.509951e-02 9.907327e-01 6.845758e+01
9.897556e-01 4.719151e-02 -1.347472e-01 -8.139045e+01 -5.386979e-02 9.974716e-01 -4.635147e-02 -5.060526e+00 1.322191e-01 5.313543e-02 9.897953e-01 6.944611e+01
9.932882e-01 4.679680e-02 -1.057766e-01 -8.199529e+01 -5.239403e-02 9.973351e-01 -5.077007e-02 -4.989246e+00 1.031188e-01 5.597137e-02 9.930930e-01 7.066731e+01
9.924445e-01 4.428712e-02 -1.144224e-01 -8.206720e+01 -5.038518e-02 9.974288e-01 -5.096243e-02 -5.046481e+00 1.118712e-01 5.634258e-02 9.921242e-01 7.176054e+01
9.918200e-01 4.144254e-02 -1.207295e-01 -8.215441e+01 -4.760861e-02 9.976809e-01 -4.864383e-02 -5.064735e+00 1.184336e-01 5.399369e-02 9.914929e-01 7.260547e+01
9.908570e-01 4.451290e-02 -1.273615e-01 -8.228415e+01 -5.129437e-02 9.974075e-01 -5.046961e-02 -5.089209e+00 1.247847e-01 5.654110e-02 9.905715e-01 7.345301e+01
9.896976e-01 4.818543e-02 -1.348215e-01 -8.236956e+01 -5.531063e-02 9.972360e-01 -4.961043e-02 -5.170519e+00 1.320583e-01 5.655638e-02 9.896272e-01 7.420871e+01
9.887527e-01 5.119733e-02 -1.405237e-01 -8.250754e+01 -5.916696e-02 9.968331e-01 -5.313201e-02 -5.233295e+00 1.373585e-01 6.084878e-02 9.886506e-01 7.496688e+01
9.877928e-01 5.056219e-02 -1.473391e-01 -8.259793e+01 -5.948190e-02 9.966137e-01 -5.677257e-02 -5.266149e+00 1.439697e-01 6.484355e-02 9.874553e-01 7.579263e+01
9.869202e-01 5.223898e-02 -1.525112e-01 -8.273340e+01 -6.165468e-02 9.964299e-01 -5.767289e-02 -5.335589e+00 1.489539e-01 6.632157e-02 9.866175e-01 7.659563e+01
9.860897e-01 5.310655e-02 -1.575019e-01 -8.286605e+01 -6.210797e-02 9.966725e-01 -5.278784e-02 -5.388130e+00 1.541745e-01 6.183567e-02 9.861068e-01 7.735697e+01
9.850443e-01 5.553231e-02 -1.631073e-01 -8.307053e+01 -6.457278e-02 9.966266e-01 -5.065419e-02 -5.346189e+00 1.597441e-01 6.042891e-02 9.853071e-01 7.819841e+01
9.837205e-01 5.474565e-02 -1.711634e-01 -8.323360e+01 -6.426094e-02 9.966520e-01 -5.055080e-02 -5.368095e+00 1.678229e-01 6.072698e-02 9.839450e-01 7.938407e+01
9.828923e-01 5.091793e-02 -1.770030e-01 -8.339358e+01 -6.135502e-02 9.966543e-01 -5.399792e-02 -5.446380e+00 1.736614e-01 6.393416e-02 9.827279e-01 8.014221e+01
9.817082e-01 4.986753e-02 -1.837451e-01 -8.356426e+01 -6.211939e-02 9.961700e-01 -6.153403e-02 -5.491268e+00 1.799728e-01 7.182260e-02 9.810460e-01 8.087286e+01
9.804426e-01 4.590403e-02 -1.913767e-01 -8.373809e+01 -5.911614e-02 9.962034e-01 -6.390656e-02 -5.557804e+00 1.877166e-01 7.397017e-02 9.794340e-01 8.161457e+01
9.786945e-01 4.283417e-02 -2.008041e-01 -8.392224e+01 -5.576020e-02 9.966899e-01 -5.916123e-02 -5.661377e+00 1.976053e-01 6.909765e-02 9.778434e-01 8.233361e+01
9.764205e-01 4.033813e-02 -2.120753e-01 -8.409014e+01 -5.281930e-02 9.971690e-01 -5.351829e-02 -5.717066e+00 2.093161e-01 6.345802e-02 9.757868e-01 8.306517e+01
9.739248e-01 3.930094e-02 -2.234410e-01 -8.427828e+01 -5.070463e-02 9.976754e-01 -4.552846e-02 -5.784268e+00 2.211322e-01 5.567078e-02 9.736536e-01 8.379993e+01
9.533290e-01 2.124353e-01 -2.145578e-01 -8.458218e+01 -2.239767e-01 9.741107e-01 -3.070504e-02 -6.731440e+00 2.024802e-01 7.732796e-02 9.762285e-01 8.444904e+01
9.500492e-01 2.150039e-01 -2.262294e-01 -8.476956e+01 -2.283284e-01 9.729848e-01 -3.415848e-02 -6.786872e+00 2.127735e-01 8.410682e-02 9.734749e-01 8.517769e+01
9.470067e-01 2.154179e-01 -2.382718e-01 -8.495372e+01 -2.318376e-01 9.718110e-01 -4.283446e-02 -6.828235e+00 2.223278e-01 9.580488e-02 9.702534e-01 8.588050e+01
9.445356e-01 2.122453e-01 -2.506083e-01 -8.514548e+01 -2.311633e-01 9.717162e-01 -4.828156e-02 -6.864212e+00 2.332726e-01 1.035351e-01 9.668838e-01 8.658956e+01
9.418949e-01 2.085822e-01 -2.633011e-01 -8.534058e+01 -2.278879e-01 9.726613e-01 -4.468886e-02 -6.908332e+00 2.467815e-01 1.020954e-01 9.636781e-01 8.736637e+01
9.393127e-01 2.063759e-01 -2.740451e-01 -8.557743e+01 -2.250274e-01 9.736071e-01 -3.810359e-02 -6.949270e+00 2.589486e-01 9.745886e-02 9.609617e-01 8.808789e+01
9.352538e-01 2.047835e-01 -2.887283e-01 -8.578068e+01 -2.238215e-01 9.740311e-01 -3.416506e-02 -6.983763e+00 2.742339e-01 9.657660e-02 9.568013e-01 8.896904e+01
