9.999965e-01 2.607946e-03 3.899873e-04 -1.561645e-02 -2.608593e-03 9.999952e-01 1.668058e-03 -1.977618e-02 -3.856352e-04 -1.669070e-03 9.999985e-01 7.817415e-01
9.999857e-01 5.200159e-03 1.243323e-03 -4.949193e-02 -5.202428e-03 9.999848e-01 1.828862e-03 -3.004905e-02 -1.233794e-03 -1.835304e-03 9.999976e-01 1.571114e+00
9.999731e-01 7.064419e-03 1.963892e-03 -6.331313e-02 -7.067949e-03 9.999734e-01 1.796640e-03 -5.377107e-02 -1.951147e-03 -1.810472e-03 9.999965e-01 2.354221e+00
9.999535e-01 9.422555e-03 2.061070e-03 -6.618097e-02 -9.426071e-03 9.999541e-01 1.703129e-03 -7.585807e-02 -2.044928e-03 -1.722478e-03 9.999964e-01 3.101355e+00
9.999508e-01 9.605047e-03 2.464286e-03 -6.908143e-02 -9.608275e-03 9.999530e-01 1.301214e-03 -8.519319e-02 -2.451672e-03 -1.324828e-03 9.999961e-01 3.826238e+00
9.999446e-01 1.008269e-02 3.017043e-03 -7.973206e-02 -1.008957e-02 9.999465e-01 2.274970e-03 -9.502280e-02 -2.993944e-03 -2.305285e-03 9.999929e-01 4.546094e+00
9.999351e-01 1.083586e-02 3.507884e-03 -8.117343e-02 -1.085441e-02 9.999270e-01 5.312098e-03 -1.073709e-01 -3.450066e-03 -5.349829e-03 9.999797e-01 5.243455e+00
9.999312e-01 1.055538e-02 5.109274e-03 -8.862091e-02 -1.060351e-02 9.998988e-01 9.486441e-03 -1.166871e-01 -5.008624e-03 -9.539965e-03 9.999419e-01 5.926461e+00
9.999301e-01 1.017754e-02 6.024094e-03 -7.780790e-02 -1.025774e-02 9.998571e-01 1.343494e-02 -1.406580e-01 -5.886499e-03 -1.349579e-02 9.998916e-01 6.576992e+00
9.999296e-01 9.661156e-03 6.889498e-03 -7.393461e-02 -9.766709e-03 9.998329e-01 1.545542e-02 -1.467365e-01 -6.739029e-03 -1.552162e-02 9.998568e-01 7.206771e+00
9.999172e-01 1.020256e-02 7.841759e-03 -6.954114e-02 -1.032308e-02 9.998268e-01 1.548502e-02 -1.580430e-01 -7.682414e-03 -1.556469e-02 9.998493e-01 7.807457e+00
9.998982e-01 1.128089e-02 8.739112e-03 -6.267488e-02 -1.139456e-02 9.998497e-01 1.306855e-02 -1.688977e-01 -8.590374e-03 -1.316680e-02 9.998764e-01 8.382401e+00
9.998913e-01 1.122870e-02 9.552655e-03 -5.705802e-02 -1.132390e-02 9.998862e-01 9.970361e-03 -1.733771e-01 -9.439613e-03 -1.007745e-02 9.999047e-01 8.919504e+00
9.998960e-01 9.525166e-03 1.082529e-02 -4.205591e-02 -9.612667e-03 9.999213e-01 8.060003e-03 -1.718519e-01 -1.074766e-02 -8.163224e-03 9.999089e-01 9.439257e+00
9.998980e-01 6.087270e-03 1.291806e-02 -4.283569e-02 -6.161959e-03 9.999645e-01 5.749835e-03 -1.817160e-01 -1.288260e-02 -5.828849e-03 9.999000e-01 9.924785e+00
9.998819e-01 4.414839e-03 1.471911e-02 -3.299504e-02 -4.479888e-03 9.999803e-01 4.389344e-03 -1.844078e-01 -1.469944e-02 -4.454765e-03 9.998820e-01 1.037968e+01
9.998285e-01 8.203217e-03 1.660208e-02 -2.900584e-02 -8.247792e-03 9.999626e-01 2.618231e-03 -2.040312e-01 -1.657998e-02 -2.754712e-03 9.998587e-01 1.080051e+01
9.997309e-01 1.254764e-02 1.951112e-02 -2.456939e-02 -1.258485e-02 9.999192e-01 1.785884e-03 -2.185100e-01 -1.948713e-02 -2.030948e-03 9.998080e-01 1.118909e+01
9.996512e-01 1.278883e-02 2.310763e-02 -2.020326e-02 -1.286151e-02 9.999128e-01 2.999306e-03 -2.277592e-01 -2.306726e-02 -3.295459e-03 9.997285e-01 1.154505e+01
9.996091e-01 8.874254e-03 2.651247e-02 -1.158864e-02 -8.974737e-03 9.999530e-01 3.673424e-03 -2.397294e-01 -2.647862e-02 -3.909930e-03 9.996417e-01 1.187105e+01
9.995663e-01 4.247226e-03 2.913896e-02 4.793430e-03 -4.356118e-03 9.999838e-01 3.674533e-03 -2.455466e-01 -2.912288e-02 -3.799873e-03 9.995686e-01 1.216319e+01
9.995040e-01 2.037677e-04 3.149282e-02 1.667553e-02 -3.804869e-04 9.999842e-01 5.605520e-03 -2.628380e-01 -3.149118e-02 -5.614722e-03 9.994883e-01 1.242501e+01
9.994137e-01 2.802681e-04 3.423695e-02 2.350051e-02 -5.012857e-04 9.999791e-01 6.447112e-03 -2.648938e-01 -3.423443e-02 -6.460495e-03 9.993929e-01 1.265482e+01
9.993355e-01 8.735393e-04 3.643773e-02 2.860146e-02 -1.067314e-03 9.999854e-01 5.298849e-03 -2.639228e-01 -3.643257e-02 -5.334218e-03 9.993219e-01 1.286230e+01
9.992548e-01 1.427226e-03 3.857222e-02 3.486781e-02 -1.581803e-03 9.999908e-01 3.977250e-03 -2.717312e-01 -3.856619e-02 -4.035299e-03 9.992479e-01 1.304701e+01
9.991411e-01 3.906830e-03 4.125275e-02 3.568236e-02 -4.034868e-03 9.999873e-01 3.020939e-03 -2.763269e-01 -4.124042e-02 -3.184794e-03 9.991442e-01 1.322501e+01
9.990567e-01 6.613119e-03 4.291743e-02 3.970918e-02 -6.716927e-03 9.999749e-01 2.275012e-03 -2.794759e-01 -4.290130e-02 -2.561140e-03 9.990760e-01 1.339349e+01
9.989986e-01 8.041304e-03 4.401330e-02 5.330932e-02 -8.082248e-03 9.999671e-01 7.523941e-04 -2.842914e-01 -4.400580e-02 -1.107367e-03 9.990307e-01 1.355769e+01
9.989373e-01 7.243760e-03 4.551794e-02 7.049994e-02 -7.199069e-03 9.999734e-01 -1.145695e-03 -2.834036e-01 -4.552503e-02 8.167902e-04 9.989629e-01 1.371665e+01
9.988721e-01 6.049362e-03 4.709577e-02 7.818179e-02 -5.912344e-03 9.999779e-01 -3.048111e-03 -2.769971e-01 -4.711316e-02 2.766227e-03 9.988857e-01 1.387075e+01
9.988398e-01 5.280592e-03 4.786530e-02 9.406630e-02 -5.105614e-03 9.999798e-01 -3.777155e-03 -2.866111e-01 -4.788428e-02 3.528391e-03 9.988467e-01 1.401226e+01
9.987737e-01 5.789701e-03 4.916790e-02 1.055468e-01 -5.555531e-03 9.999726e-01 -4.897982e-03 -2.962841e-01 -4.919491e-02 4.618822e-03 9.987785e-01 1.413973e+01
9.987257e-01 6.313376e-03 5.007136e-02 1.164335e-01 -5.991062e-03 9.999604e-01 -6.584568e-03 -3.122648e-01 -5.011095e-02 6.276197e-03 9.987239e-01 1.426599e+01
9.986896e-01 6.828552e-03 5.071880e-02 1.269294e-01 -6.363827e-03 9.999363e-01 -9.318626e-03 -3.039837e-01 -5.077921e-02 8.983649e-03 9.986695e-01 1.438917e+01
9.986627e-01 6.005924e-03 5.134920e-02 1.391160e-01 -5.427120e-03 9.999202e-01 -1.140394e-02 -3.103185e-01 -5.141360e-02 1.111001e-02 9.986156e-01 1.451356e+01
9.987027e-01 5.069760e-03 5.066775e-02 1.495829e-01 -4.389300e-03 9.998988e-01 -1.353210e-02 -3.118650e-01 -5.073123e-02 1.329215e-02 9.986239e-01 1.464596e+01
9.988084e-01 4.651144e-03 4.858146e-02 1.520758e-01 -3.947299e-03 9.998860e-01 -1.457384e-02 -3.180918e-01 -4.864371e-02 1.436471e-02 9.987129e-01 1.478133e+01
9.989587e-01 4.772096e-03 4.537414e-02 1.566023e-01 -4.082453e-03 9.998749e-01 -1.527956e-02 -3.251179e-01 -4.544138e-02 1.507841e-02 9.988532e-01 1.490525e+01
9.991398e-01 5.001870e-03 4.116502e-02 1.598031e-01 -4.335349e-03 9.998583e-01 -1.626483e-02 -3.316922e-01 -4.124055e-02 1.607237e-02 9.990200e-01 1.503254e+01
9.993700e-01 5.104995e-03 3.512129e-02 1.658102e-01 -4.513077e-03 9.998468e-01 -1.691222e-02 -3.445571e-01 -3.520224e-02 1.674306e-02 9.992399e-01 1.515259e+01
9.995988e-01 4.521278e-03 2.796086e-02 1.725082e-01 -4.034366e-03 9.998397e-01 -1.744601e-02 -3.531721e-01 -2.803525e-02 1.732621e-02 9.994568e-01 1.527770e+01
9.997748e-01 4.696831e-03 2.069510e-02 1.693551e-01 -4.319651e-03 9.998244e-01 -1.823275e-02 -3.583996e-01 -2.077710e-02 1.813925e-02 9.996196e-01 1.540263e+01
9.999141e-01 4.259303e-03 1.239541e-02 1.664102e-01 -4.020873e-03 9.998076e-01 -1.919709e-02 -3.624673e-01 -1.247480e-02 1.914560e-02 9.997389e-01 1.552885e+01
9.999925e-01 2.863422e-03 2.616118e-03 1.522824e-01 -2.808852e-03 9.997832e-01 -2.063001e-02 -3.643255e-01 -2.674624e-03 2.062251e-02 9.997838e-01 1.566798e+01
9.999430e-01 9.040024e-04 -1.063652e-02 1.472675e-01 -1.143536e-03 9.997454e-01 -2.253541e-02 -3.686976e-01 1.061344e-02 2.254629e-02 9.996895e-01 1.581605e+01
9.996428e-01 -2.258807e-05 -2.672468e-02 1.213720e-01 -6.375092e-04 9.996949e-01 -2.469113e-02 -3.708360e-01 2.671708e-02 2.469935e-02 9.993379e-01 1.597808e+01
9.989158e-01 -2.262388e-04 -4.655244e-02 1.018202e-01 -9.745731e-04 9.996674e-01 -2.577051e-02 -3.750943e-01 4.654279e-02 2.578794e-02 9.985834e-01 1.615672e+01
9.976447e-01 1.452325e-04 -6.859277e-02 6.831420e-02 -1.893554e-03 9.996750e-01 -2.542409e-02 -3.801904e-01 6.856678e-02 2.549409e-02 9.973207e-01 1.634626e+01
9.956855e-01 -7.506262e-05 -9.279221e-02 3.151058e-02 -2.172500e-03 9.997067e-01 -2.412021e-02 -3.815044e-01 9.276681e-02 2.421773e-02 9.953933e-01 1.655742e+01
9.928001e-01 -9.807171e-05 -1.197833e-01 -2.362701e-02 -2.636149e-03 9.997396e-01 -2.266772e-02 -3.874930e-01 1.197544e-01 2.282028e-02 9.925412e-01 1.677241e+01
9.885926e-01 -5.028434e-05 -1.506142e-01 -7.244377e-02 -3.111897e-03 9.997797e-01 -2.075948e-02 -3.948045e-01 1.505820e-01 2.099136e-02 9.883746e-01 1.700449e+01
9.829837e-01 -2.068037e-03 -1.836813e-01 -1.620634e-01 -1.251746e-03 9.998380e-01 -1.795581e-02 -3.940021e-01 1.836887e-01 1.788019e-02 9.828218e-01 1.724681e+01
9.753175e-01 -2.277559e-03 -2.207951e-01 -2.588025e-01 -9.546204e-04 9.998940e-01 -1.453101e-02 -3.986977e-01 2.208048e-01 1.438312e-02 9.752120e-01 1.751391e+01
9.653810e-01 -1.702565e-03 -2.608385e-01 -3.598580e-01 -8.508294e-04 9.999528e-01 -9.675947e-03 -4.035953e-01 2.608427e-01 9.562904e-03 9.653340e-01 1.777692e+01
9.529579e-01 7.014628e-04 -3.031018e-01 -4.525373e-01 -2.270533e-03 9.999858e-01 -4.824352e-03 -4.045194e-01 3.030941e-01 5.285607e-03 9.529460e-01 1.802760e+01
9.383829e-01 3.085460e-03 -3.455836e-01 -5.823118e-01 -3.558457e-03 9.999934e-01 -7.342821e-04 -4.055721e-01 3.455791e-01 1.918782e-03 9.383877e-01 1.829748e+01
9.211277e-01 3.316757e-03 -3.892465e-01 -7.190448e-01 -1.993437e-03 9.999908e-01 3.803545e-03 -4.041870e-01 3.892555e-01 -2.727613e-03 9.211258e-01 1.856286e+01
9.014370e-01 4.562649e-03 -4.328863e-01 -8.907288e-01 5.617712e-05 9.999432e-01 1.065645e-02 -4.214921e-01 4.329103e-01 -9.630434e-03 9.013855e-01 1.883486e+01
8.790645e-01 6.956157e-03 -4.766521e-01 -1.056090e+00 1.005523e-03 9.998642e-01 1.644624e-02 -4.172500e-01 4.767018e-01 -1.493659e-02 8.789382e-01 1.909063e+01
8.537913e-01 1.124530e-02 -5.204939e-01 -1.271562e+00 -1.380749e-04 9.997715e-01 2.137363e-02 -4.230193e-01 5.206154e-01 -1.817676e-02 8.535978e-01 1.936422e+01
8.255547e-01 1.415698e-02 -5.641445e-01 -1.478659e+00 -7.759536e-04 9.997128e-01 2.395188e-02 -4.124126e-01 5.643216e-01 -1.933584e-02 8.253286e-01 1.961023e+01
7.941791e-01 1.946786e-02 -6.073718e-01 -1.729067e+00 -3.962546e-03 9.996314e-01 2.685952e-02 -4.087556e-01 6.076708e-01 -1.892453e-02 7.939635e-01 1.987752e+01
7.601025e-01 2.245180e-02 -6.494152e-01 -1.993515e+00 -4.947822e-03 9.995739e-01 2.876646e-02 -3.973871e-01 6.497844e-01 -1.865227e-02 7.598897e-01 2.013344e+01
7.223571e-01 2.643626e-02 -6.910147e-01 -2.300956e+00 -5.449679e-03 9.994556e-01 3.253947e-02 -3.945611e-01 6.914987e-01 -1.973931e-02 7.221079e-01 2.040954e+01
6.829472e-01 2.768772e-02 -7.299428e-01 -2.617989e+00 -4.210693e-03 9.994140e-01 3.396953e-02 -3.967815e-01 7.304556e-01 -2.012583e-02 6.826636e-01 2.066029e+01
6.413388e-01 2.796555e-02 -7.667480e-01 -2.968869e+00 -3.420188e-03 9.994298e-01 3.359135e-02 -3.891686e-01 7.672502e-01 -1.892102e-02 6.410687e-01 2.091510e+01
5.983347e-01 2.617480e-02 -8.008186e-01 -3.337881e+00 1.012088e-04 9.994638e-01 3.274314e-02 -4.025075e-01 8.012463e-01 -1.967241e-02 5.980112e-01 2.114876e+01
5.526459e-01 2.476800e-02 -8.330481e-01 -3.738101e+00 2.569487e-03 9.995029e-01 3.142160e-02 -3.882775e-01 8.334122e-01 -1.950553e-02 5.523075e-01 2.139357e+01
5.048113e-01 2.606460e-02 -8.628361e-01 -4.149766e+00 3.786345e-03 9.994676e-01 3.240721e-02 -3.798498e-01 8.632214e-01 -1.962652e-02 5.044438e-01 2.161538e+01
4.541361e-01 2.864320e-02 -8.904718e-01 -4.592953e+00 1.781900e-03 9.994519e-01 3.305745e-02 -3.664991e-01 8.909305e-01 -1.659931e-02 4.538361e-01 2.181363e+01
4.007922e-01 2.673164e-02 -9.157789e-01 -5.044284e+00 2.743183e-03 9.995347e-01 3.037704e-02 -3.505250e-01 9.161649e-01 -1.468703e-02 4.005324e-01 2.198454e+01
3.464425e-01 2.500250e-02 -9.377379e-01 -5.531230e+00 3.563565e-03 9.996025e-01 2.796850e-02 -3.356384e-01 9.380644e-01 -1.303117e-02 3.462157e-01 2.213346e+01
2.917280e-01 2.605945e-02 -9.561463e-01 -6.013584e+00 2.382405e-03 9.996059e-01 2.797082e-02 -3.285991e-01 9.564984e-01 -1.043780e-02 2.915509e-01 2.226355e+01
2.380098e-01 2.747862e-02 -9.708740e-01 -6.531781e+00 8.080106e-03 9.995091e-01 3.026991e-02 -3.207672e-01 9.712291e-01 -1.504930e-02 2.376709e-01 2.235448e+01
1.862902e-01 2.855309e-02 -9.820798e-01 -7.097342e+00 1.308677e-02 9.994168e-01 3.153958e-02 -3.124959e-01 9.824076e-01 -1.872777e-02 1.858079e-01 2.241971e+01
1.371242e-01 2.654745e-02 -9.901981e-01 -7.675201e+00 1.544273e-02 9.994620e-01 2.893435e-02 -3.048120e-01 9.904335e-01 -1.925896e-02 1.366405e-01 2.248674e+01
9.229343e-02 2.643194e-02 -9.953810e-01 -8.318770e+00 1.719013e-02 9.994563e-01 2.813406e-02 -2.995438e-01 9.955835e-01 -1.970732e-02 9.178889e-02 2.250628e+01
5.147737e-02 2.948393e-02 -9.982388e-01 -8.950312e+00 1.508809e-02 9.994271e-01 3.029709e-02 -2.925207e-01 9.985602e-01 -1.662113e-02 5.100302e-02 2.252434e+01
1.573550e-02 3.414124e-02 -9.992931e-01 -9.598863e+00 1.021044e-02 9.993593e-01 3.430428e-02 -2.731607e-01 9.998241e-01 -1.074301e-02 1.537682e-02 2.252205e+01
-1.299349e-02 3.744940e-02 -9.992140e-01 -1.026980e+01 1.015629e-02 9.992518e-01 3.731875e-02 -2.458770e-01 9.998640e-01 -9.663402e-03 -1.336411e-02 2.249774e+01
-3.428710e-02 4.002037e-02 -9.986104e-01 -1.099246e+01 1.423232e-02 9.991162e-01 3.955198e-02 -2.218380e-01 9.993107e-01 -1.285642e-02 -3.482638e-02 2.246216e+01
-4.762627e-02 3.949241e-02 -9.980842e-01 -1.174671e+01 2.034840e-02 9.990491e-01 3.855961e-02 -2.089309e-01 9.986579e-01 -1.847297e-02 -4.838459e-02 2.242841e+01
-5.561819e-02 4.016665e-02 -9.976439e-01 -1.250792e+01 2.309199e-02 9.989750e-01 3.893287e-02 -1.922287e-01 9.981850e-01 -2.087220e-02 -5.648870e-02 2.237529e+01
-5.934089e-02 3.913112e-02 -9.974705e-01 -1.328736e+01 2.014826e-02 9.990748e-01 3.799541e-02 -1.692418e-01 9.980344e-01 -1.784262e-02 -6.007441e-02 2.231279e+01
-5.919777e-02 3.178736e-02 -9.977400e-01 -1.408021e+01 1.557087e-02 9.994007e-01 3.091642e-02 -1.449097e-01 9.981248e-01 -1.370550e-02 -5.965725e-02 2.227282e+01
-5.559575e-02 2.004686e-02 -9.982521e-01 -1.490430e+01 1.263028e-02 9.997325e-01 1.937318e-02 -1.220162e-01 9.983735e-01 -1.153114e-02 -5.583408e-02 2.223649e+01
-5.041789e-02 1.896573e-02 -9.985481e-01 -1.575083e+01 1.291823e-02 9.997484e-01 1.833628e-02 -1.185440e-01 9.986447e-01 -1.197499e-02 -5.065021e-02 2.220677e+01
-4.543642e-02 2.051346e-02 -9.987566e-01 -1.661109e+01 1.166093e-02 9.997319e-01 2.000300e-02 -1.172114e-01 9.988992e-01 -1.073757e-02 -4.566345e-02 2.217266e+01
-4.261437e-02 1.629828e-02 -9.989586e-01 -1.747903e+01 4.853244e-03 9.998585e-01 1.610592e-02 -1.101326e-01 9.990798e-01 -4.161846e-03 -4.268744e-02 2.214054e+01
-4.062597e-02 1.803199e-02 -9.990117e-01 -1.835224e+01 -5.394065e-03 9.998186e-01 1.826591e-02 -1.182446e-01 9.991599e-01 6.130804e-03 -4.052133e-02 2.210542e+01
-3.969081e-02 2.532410e-02 -9.988910e-01 -1.924095e+01 -1.330532e-02 9.995768e-01 2.587017e-02 -1.102752e-01 9.991234e-01 1.431738e-02 -3.933707e-02 2.204871e+01
-4.127649e-02 3.070955e-02 -9.986757e-01 -2.016602e+01 -1.541224e-02 9.993891e-01 3.136849e-02 -9.868031e-02 9.990289e-01 1.668661e-02 -4.077797e-02 2.200174e+01
-4.453580e-02 4.007293e-02 -9.982037e-01 -2.110964e+01 -8.969166e-03 9.991389e-01 4.051064e-02 -6.220221e-02 9.989675e-01 1.075723e-02 -4.413803e-02 2.194141e+01
-4.896015e-02 4.532968e-02 -9.977716e-01 -2.208642e+01 -7.308006e-04 9.989677e-01 4.541988e-02 -2.196961e-02 9.988005e-01 2.952936e-03 -4.887648e-02 2.186868e+01
-5.304865e-02 4.720955e-02 -9.974754e-01 -2.310099e+01 9.133689e-03 9.988630e-01 4.678947e-02 1.592018e-02 9.985502e-01 -6.628511e-03 -5.341954e-02 2.179035e+01
-5.455996e-02 4.824299e-02 -9.973444e-01 -2.413853e+01 1.935834e-02 9.986955e-01 4.724935e-02 5.007844e-02 9.983228e-01 -1.672900e-02 -5.542270e-02 2.172054e+01
-5.582898e-02 4.650947e-02 -9.973565e-01 -2.517848e+01 2.711555e-02 9.986166e-01 4.505039e-02 7.928045e-02 9.980721e-01 -2.452875e-02 -5.701288e-02 2.166489e+01
-5.715511e-02 4.565837e-02 -9.973207e-01 -2.620570e+01 2.794172e-02 9.986355e-01 4.411726e-02 1.044450e-01 9.979742e-01 -2.534533e-02 -5.835290e-02 2.159325e+01
-5.875185e-02 4.719542e-02 -9.971564e-01 -2.724418e+01 2.489816e-02 9.986404e-01 4.579867e-02 1.455196e-01 9.979621e-01 -2.213660e-02 -5.984705e-02 2.151651e+01
-6.170076e-02 4.769202e-02 -9.969546e-01 -2.826544e+01 2.005048e-02 9.987154e-01 4.653535e-02 1.699720e-01 9.978933e-01 -1.711815e-02 -6.257774e-02 2.145436e+01
-6.648018e-02 4.781366e-02 -9.966415e-01 -2.925537e+01 1.490916e-02 9.987873e-01 4.692210e-02 1.992015e-01 9.976764e-01 -1.173970e-02 -6.711242e-02 2.139417e+01
-7.252555e-02 4.781403e-02 -9.962198e-01 -3.028244e+01 1.012240e-02 9.988340e-01 4.720258e-02 2.288619e-01 9.973152e-01 -6.660741e-03 -7.292498e-02 2.131993e+01
-7.951816e-02 4.934671e-02 -9.956113e-01 -3.130965e+01 8.549343e-03 9.987710e-01 4.882050e-02 2.498822e-01 9.967968e-01 -4.629706e-03 -7.984231e-02 2.123999e+01
-8.607417e-02 4.939256e-02 -9.950636e-01 -3.236395e+01 1.098866e-02 9.987566e-01 4.862534e-02 2.842265e-01 9.962281e-01 -6.749032e-03 -8.650990e-02 2.114323e+01
-9.278020e-02 5.129031e-02 -9.943647e-01 -3.345187e+01 1.622187e-02 9.986177e-01 4.999608e-02 3.179465e-01 9.955545e-01 -1.149181e-02 -9.348397e-02 2.105295e+01
-9.899257e-02 5.430452e-02 -9.936053e-01 -3.454815e+01 1.939202e-02 9.984255e-01 5.263594e-02 3.682194e-01 9.948992e-01 -1.405745e-02 -9.988978e-02 2.094677e+01
-1.034645e-01 5.821200e-02 -9.929282e-01 -3.564245e+01 2.236486e-02 9.981696e-01 5.618883e-02 4.000415e-01 9.943817e-01 -1.639315e-02 -1.045770e-01 2.083099e+01
-1.053842e-01 6.306638e-02 -9.924297e-01 -3.672844e+01 2.464211e-02 9.978461e-01 6.079388e-02 4.374936e-01 9.941262e-01 -1.804885e-02 -1.067113e-01 2.069174e+01
-1.065983e-01 6.701912e-02 -9.920409e-01 -3.784541e+01 2.673979e-02 9.975582e-01 6.451857e-02 4.809588e-01 9.939425e-01 -1.964940e-02 -1.081301e-01 2.055057e+01
-1.085922e-01 6.834028e-02 -9.917345e-01 -3.894132e+01 2.644918e-02 9.974796e-01 6.584006e-02 5.310740e-01 9.937345e-01 -1.908085e-02 -1.101260e-01 2.043991e+01
-1.099079e-01 6.878207e-02 -9.915590e-01 -4.002928e+01 2.587089e-02 9.974627e-01 6.632397e-02 5.786704e-01 9.936050e-01 -1.836298e-02 -1.114085e-01 2.030198e+01
-1.108722e-01 7.036670e-02 -9.913405e-01 -4.109254e+01 2.549621e-02 9.973634e-01 6.794270e-02 6.307233e-01 9.935076e-01 -1.774247e-02 -1.123739e-01 2.016882e+01
-1.121065e-01 7.250380e-02 -9.910476e-01 -4.220195e+01 2.520114e-02 9.972213e-01 7.010473e-02 6.810944e-01 9.933766e-01 -1.711633e-02 -1.136222e-01 2.005429e+01
-1.128292e-01 7.661885e-02 -9.906559e-01 -4.329445e+01 2.354128e-02 9.969488e-01 7.442436e-02 7.443474e-01 9.933355e-01 -1.492407e-02 -1.142886e-01 1.991774e+01
-1.129568e-01 8.196701e-02 -9.902132e-01 -4.439849e+01 1.959241e-02 9.965815e-01 8.025919e-02 8.108546e-01 9.934067e-01 -1.033484e-02 -1.141766e-01 1.978552e+01
-1.121080e-01 8.297940e-02 -9.902253e-01 -4.549647e+01 1.918666e-02 9.965023e-01 8.133319e-02 8.815081e-01 9.935108e-01 -9.881015e-03 -1.133080e-01 1.964985e+01
-1.105595e-01 8.325462e-02 -9.903763e-01 -4.661243e+01 2.386544e-02 9.964203e-01 8.109851e-02 9.403089e-01 9.935829e-01 -1.466956e-02 -1.121507e-01 1.951730e+01
-1.084805e-01 8.322240e-02 -9.906089e-01 -4.773411e+01 2.701590e-02 9.963684e-01 8.074777e-02 1.013080e+00 9.937314e-01 -1.800263e-02 -1.103349e-01 1.936835e+01
-1.070430e-01 8.132201e-02 -9.909231e-01 -4.884252e+01 2.627943e-02 9.965326e-01 7.894357e-02 1.089184e+00 9.939070e-01 -1.759054e-02 -1.088090e-01 1.923514e+01
-1.048035e-01 8.047347e-02 -9.912317e-01 -4.997559e+01 2.552980e-02 9.966099e-01 7.821082e-02 1.154795e+00 9.941652e-01 -1.710918e-02 -1.065026e-01 1.911828e+01
-1.004319e-01 8.447872e-02 -9.913510e-01 -5.111227e+01 2.684751e-02 9.962561e-01 8.217684e-02 1.221440e+00 9.945816e-01 -1.836213e-02 -1.023240e-01 1.899138e+01
-9.437803e-02 8.887644e-02 -9.915613e-01 -5.224779e+01 2.848172e-02 9.958404e-01 8.654907e-02 1.302970e+00 9.951289e-01 -2.007304e-02 -9.651681e-02 1.886198e+01
-8.768586e-02 9.222529e-02 -9.918698e-01 -5.336492e+01 2.871687e-02 9.955253e-01 9.002648e-02 1.382908e+00 9.957342e-01 -2.058935e-02 -8.994191e-02 1.871995e+01
-8.117879e-02 9.310896e-02 -9.923410e-01 -5.449985e+01 2.820837e-02 9.954428e-01 9.109240e-02 1.462932e+00 9.963003e-01 -2.059755e-02 -8.343530e-02 1.859144e+01
-7.460387e-02 9.227815e-02 -9.929345e-01 -5.563934e+01 2.793203e-02 9.955120e-01 9.041903e-02 1.534969e+00 9.968220e-01 -2.098907e-02 -7.684656e-02 1.846829e+01
-6.846082e-02 9.051000e-02 -9.935397e-01 -5.677050e+01 2.706987e-02 9.956780e-01 8.883953e-02 1.627898e+00 9.972865e-01 -2.081296e-02 -7.061503e-02 1.835069e+01
-6.292817e-02 8.900813e-02 -9.940410e-01 -5.791706e+01 2.753966e-02 9.957907e-01 8.742139e-02 1.714777e+00 9.976380e-01 -2.187429e-02 -6.511454e-02 1.826125e+01
-5.656642e-02 8.792133e-02 -9.945200e-01 -5.907168e+01 2.847490e-02 9.958518e-01 8.641947e-02 1.807010e+00 9.979927e-01 -2.343042e-02 -5.883532e-02 1.816864e+01
-5.088872e-02 8.870358e-02 -9.947573e-01 -6.024739e+01 2.927156e-02 9.957524e-01 8.729487e-02 1.903605e+00 9.982753e-01 -2.467577e-02 -5.326906e-02 1.810528e+01
-4.619643e-02 8.775251e-02 -9.950705e-01 -6.142668e+01 2.826984e-02 9.958499e-01 8.650881e-02 1.993978e+00 9.985323e-01 -2.413409e-02 -4.848546e-02 1.806097e+01
-4.113169e-02 8.755476e-02 -9.953102e-01 -6.261271e+01 2.328976e-02 9.959665e-01 8.665004e-02 2.083505e+00 9.988823e-01 -1.961648e-02 -4.300492e-02 1.799937e+01
-3.550283e-02 8.673925e-02 -9.955982e-01 -6.377174e+01 1.810342e-02 9.961186e-01 8.613902e-02 2.160806e+00 9.992056e-01 -1.496555e-02 -3.693531e-02 1.791124e+01
-3.055347e-02 8.656491e-02 -9.957776e-01 -6.494741e+01 1.691370e-02 9.961448e-01 8.607787e-02 2.260751e+00 9.993900e-01 -1.421230e-02 -3.189981e-02 1.783193e+01
-2.657462e-02 8.548834e-02 -9.959847e-01 -6.614754e+01 1.920093e-02 9.961964e-01 8.499419e-02 2.344283e+00 9.994624e-01 -1.686514e-02 -2.811500e-02 1.776833e+01
-2.381858e-02 8.605758e-02 -9.960054e-01 -6.731839e+01 1.866727e-02 9.961526e-01 8.562389e-02 2.427265e+00 9.995420e-01 -1.655326e-02 -2.533341e-02 1.771294e+01
-2.206022e-02 8.830663e-02 -9.958490e-01 -6.848824e+01 1.754227e-02 9.959723e-01 8.792896e-02 2.530415e+00 9.996027e-01 -1.552972e-02 -2.352047e-02 1.766101e+01
-2.091913e-02 8.965395e-02 -9.957533e-01 -6.967967e+01 1.787276e-02 9.958456e-01 8.928679e-02 2.625772e+00 9.996214e-01 -1.592905e-02 -2.243459e-02 1.762345e+01
-1.940846e-02 9.029766e-02 -9.957257e-01 -7.085959e+01 1.737536e-02 9.957933e-01 8.996511e-02 2.710358e+00 9.996606e-01 -1.555501e-02 -2.089577e-02 1.758282e+01
-1.849085e-02 9.069652e-02 -9.957069e-01 -7.206539e+01 1.543089e-02 9.957844e-01 9.041702e-02 2.797285e+00 9.997099e-01 -1.369275e-02 -1.981243e-02 1.756152e+01
-1.776179e-02 8.959386e-02 -9.958200e-01 -7.329149e+01 1.422521e-02 9.958989e-01 8.934724e-02 2.875069e+00 9.997410e-01 -1.257878e-02 -1.896343e-02 1.753041e+01
-1.736346e-02 8.681092e-02 -9.960735e-01 -7.451833e+01 1.448196e-02 9.961410e-01 8.656436e-02 2.945580e+00 9.997444e-01 -1.292204e-02 -1.855364e-02 1.750061e+01
-1.698422e-02 8.528226e-02 -9.962121e-01 -7.573601e+01 1.552783e-02 9.962581e-01 8.502148e-02 3.021026e+00 9.997352e-01 -1.402499e-02 -1.824492e-02 1.746889e+01
-1.710519e-02 8.559398e-02 -9.961833e-01 -7.696216e+01 1.827601e-02 9.961893e-01 8.528069e-02 3.103770e+00 9.996867e-01 -1.674751e-02 -1.860432e-02 1.744388e+01
-1.655961e-02 8.813755e-02 -9.959707e-01 -7.818293e+01 2.225748e-02 9.958929e-01 8.776061e-02 3.176683e+00 9.996151e-01 -2.071451e-02 -1.845332e-02 1.741656e+01
-1.609246e-02 9.090838e-02 -9.957292e-01 -7.938743e+01 2.219071e-02 9.956454e-01 9.054209e-02 3.261800e+00 9.996242e-01 -2.063889e-02 -1.803971e-02 1.739417e+01
-1.575313e-02 9.134602e-02 -9.956946e-01 -8.060685e+01 1.961403e-02 9.956548e-01 9.103205e-02 3.348463e+00 9.996835e-01 -1.809554e-02 -1.747635e-02 1.736966e+01
-1.514052e-02 9.089632e-02 -9.957453e-01 -8.180488e+01 1.724279e-02 9.957351e-01 9.063320e-02 3.433998e+00 9.997367e-01 -1.579719e-02 -1.664326e-02 1.733739e+01
-1.526082e-02 8.812381e-02 -9.959926e-01 -8.298835e+01 1.652960e-02 9.959947e-01 8.787073e-02 3.518115e+00 9.997469e-01 -1.512238e-02 -1.665635e-02 1.730254e+01
-1.504119e-02 8.690030e-02 -9.961035e-01 -8.419877e+01 1.760132e-02 9.960848e-01 8.663289e-02 3.606246e+00 9.997319e-01 -1.622967e-02 -1.651187e-02 1.727494e+01
-1.482475e-02 8.667105e-02 -9.961267e-01 -8.538623e+01 2.021509e-02 9.960585e-01 8.636427e-02 3.697972e+00 9.996857e-01 -1.885647e-02 -1.651838e-02 1.724708e+01
-1.384603e-02 8.670039e-02 -9.961382e-01 -8.659922e+01 2.257885e-02 9.960068e-01 8.637511e-02 3.787211e+00 9.996492e-01 -2.129570e-02 -1.574833e-02 1.719070e+01
-1.300662e-02 8.746765e-02 -9.960824e-01 -8.780081e+01 2.282535e-02 9.959331e-01 8.715649e-02 3.880037e+00 9.996549e-01 -2.160232e-02 -1.495020e-02 1.713064e+01
-1.157980e-02 8.764717e-02 -9.960843e-01 -8.905228e+01 2.106461e-02 9.959514e-01 8.739059e-02 3.949931e+00 9.997111e-01 -1.997016e-02 -1.337917e-02 1.705643e+01
-1.125907e-02 8.616982e-02 -9.962168e-01 -9.024524e+01 1.966982e-02 9.961063e-01 8.593796e-02 4.036279e+00 9.997431e-01 -1.862782e-02 -1.291017e-02 1.703421e+01
-1.128785e-02 8.492522e-02 -9.963234e-01 -9.140738e+01 2.047329e-02 9.961976e-01 8.468255e-02 4.117146e+00 9.997267e-01 -1.944214e-02 -1.298363e-02 1.701735e+01
-1.106818e-02 8.269382e-02 -9.965135e-01 -9.256682e+01 2.342962e-02 9.963224e-01 8.241773e-02 4.193326e+00 9.996642e-01 -2.243572e-02 -1.296497e-02 1.700441e+01
-1.121192e-02 8.163031e-02 -9.965996e-01 -9.373518e+01 2.618499e-02 9.963444e-01 8.131482e-02 4.261096e+00 9.995942e-01 -2.518426e-02 -1.330842e-02 1.698842e+01
-1.054907e-02 8.203518e-02 -9.965736e-01 -9.492090e+01 2.759252e-02 9.962734e-01 8.171840e-02 4.343866e+00 9.995636e-01 -2.663592e-02 -1.277332e-02 1.696490e+01
-9.683804e-03 8.447151e-02 -9.963788e-01 -9.608700e+01 2.921657e-02 9.960241e-01 8.415748e-02 4.421872e+00 9.995262e-01 -2.829581e-02 -1.211327e-02 1.693329e+01
-8.891810e-03 8.659945e-02 -9.962035e-01 -9.723786e+01 2.864614e-02 9.958561e-01 8.631356e-02 4.483331e+00 9.995501e-01 -2.776991e-02 -1.133570e-02 1.690144e+01
-8.391582e-03 8.874629e-02 -9.960189e-01 -9.840313e+01 2.502690e-02 9.957606e-01 8.851242e-02 4.549164e+00 9.996516e-01 -2.418451e-02 -1.057705e-02 1.687039e+01
-8.266770e-03 9.006952e-02 -9.959012e-01 -9.956442e+01 2.342621e-02 9.956793e-01 8.985500e-02 4.626403e+00 9.996914e-01 -2.258738e-02 -1.034104e-02 1.686504e+01
-7.928387e-03 8.972508e-02 -9.959350e-01 -1.007487e+02 2.169221e-02 9.957474e-01 8.953549e-02 4.708145e+00 9.997333e-01 -2.089416e-02 -9.841006e-03 1.684897e+01
-8.415413e-03 8.827844e-02 -9.960603e-01 -1.019263e+02 2.174004e-02 9.958763e-01 8.807846e-02 4.799760e+00 9.997282e-01 -2.091317e-02 -1.029989e-02 1.684076e+01
-7.903218e-03 8.756576e-02 -9.961274e-01 -1.031135e+02 2.360781e-02 9.958972e-01 8.735822e-02 4.888176e+00 9.996901e-01 -2.282597e-02 -9.938028e-03 1.680594e+01
-7.399171e-03 8.660243e-02 -9.962155e-01 -1.043219e+02 2.513343e-02 9.959441e-01 8.639217e-02 4.981078e+00 9.996567e-01 -2.439908e-02 -9.545777e-03 1.677793e+01
-7.527917e-03 9.007930e-02 -9.959061e-01 -1.054988e+02 2.425795e-02 9.956577e-01 8.987347e-02 5.055940e+00 9.996774e-01 -2.348208e-02 -9.680368e-03 1.676136e+01
-7.199290e-03 9.411713e-02 -9.955351e-01 -1.066836e+02 2.537103e-02 9.952576e-01 9.390743e-02 5.138455e+00 9.996522e-01 -2.458168e-02 -9.552997e-03 1.673267e+01
-7.979377e-03 9.596914e-02 -9.953523e-01 -1.078776e+02 2.499074e-02 9.950923e-01 9.574372e-02 5.223389e+00 9.996558e-01 -2.411061e-02 -1.033856e-02 1.675841e+01
-7.108083e-03 9.793922e-02 -9.951670e-01 -1.090979e+02 2.114273e-02 9.949844e-01 9.777023e-02 5.304324e+00 9.997512e-01 -2.034559e-02 -9.143134e-03 1.670931e+01
-7.803794e-03 9.699614e-02 -9.952542e-01 -1.102891e+02 1.737369e-02 9.951474e-01 9.684951e-02 5.392356e+00 9.998186e-01 -1.653544e-02 -9.451106e-03 1.669002e+01
-7.708556e-03 9.429441e-02 -9.955145e-01 -1.115035e+02 1.714240e-02 9.954103e-01 9.415179e-02 5.475541e+00 9.998233e-01 -1.633973e-02 -9.289608e-03 1.664516e+01
-9.296057e-03 8.909055e-02 -9.959801e-01 -1.130272e+02 1.645992e-02 9.959019e-01 8.892992e-02 5.620895e+00 9.998213e-01 -1.556706e-02 -1.072438e-02 1.667837e+01
-9.947296e-03 8.863426e-02 -9.960146e-01 -1.142562e+02 1.814642e-02 9.959158e-01 8.844424e-02 5.723528e+00 9.997859e-01 -1.719432e-02 -1.151506e-02 1.666394e+01
-1.105565e-02 8.802868e-02 -9.960566e-01 -1.154931e+02 2.215036e-02 9.958946e-01 8.776851e-02 5.817620e+00 9.996935e-01 -2.109268e-02 -1.296013e-02 1.665051e+01
-1.202682e-02 8.617486e-02 -9.962074e-01 -1.167402e+02 2.224914e-02 9.960559e-01 8.589315e-02 5.904025e+00 9.996801e-01 -2.113173e-02 -1.389670e-02 1.663427e+01
-1.240743e-02 8.593227e-02 -9.962237e-01 -1.180033e+02 1.715738e-02 9.961720e-01 8.571412e-02 6.007619e+00 9.997758e-01 -1.602910e-02 -1.383431e-02 1.661638e+01
-1.307579e-02 8.668213e-02 -9.961502e-01 -1.192810e+02 1.315760e-02 9.961640e-01 8.651062e-02 6.106459e+00 9.998279e-01 -1.197576e-02 -1.416616e-02 1.659086e+01
-1.378132e-02 8.494672e-02 -9.962902e-01 -1.206062e+02 1.202301e-02 9.963269e-01 8.478353e-02 6.196988e+00 9.998327e-01 -1.080998e-02 -1.475202e-02 1.655729e+01
-1.353437e-02 8.695937e-02 -9.961199e-01 -1.218454e+02 1.355514e-02 9.961356e-01 8.677656e-02 6.274170e+00 9.998165e-01 -1.232808e-02 -1.466081e-02 1.652418e+01
-1.338795e-02 9.245477e-02 -9.956269e-01 -1.231057e+02 1.838596e-02 9.955705e-01 9.220231e-02 6.361490e+00 9.997413e-01 -1.707116e-02 -1.502852e-02 1.648842e+01
-1.283625e-02 9.815078e-02 -9.950888e-01 -1.243914e+02 2.156883e-02 9.949664e-01 9.786048e-02 6.466733e+00 9.996850e-01 -2.020674e-02 -1.488863e-02 1.644598e+01
-1.195157e-02 1.049718e-01 -9.944034e-01 -1.257021e+02 2.178824e-02 9.942656e-01 1.046954e-01 6.575627e+00 9.996912e-01 -2.041503e-02 -1.417018e-02 1.640458e+01
-1.174271e-02 1.080623e-01 -9.940748e-01 -1.270603e+02 1.977287e-02 9.939740e-01 1.078178e-01 6.697928e+00 9.997355e-01 -1.838964e-02 -1.380865e-02 1.639662e+01
-1.212089e-02 1.100246e-01 -9.938550e-01 -1.283466e+02 1.838270e-02 9.937845e-01 1.097926e-01 6.814164e+00 9.997576e-01 -1.693896e-02 -1.406810e-02 1.636850e+01
-1.160666e-02 1.092562e-01 -9.939459e-01 -1.296812e+02 1.893745e-02 9.938585e-01 1.090255e-01 6.903602e+00 9.997533e-01 -1.755738e-02 -1.360442e-02 1.631841e+01
-1.146268e-02 1.079929e-01 -9.940856e-01 -1.310200e+02 1.726756e-02 9.940240e-01 1.077871e-01 7.033236e+00 9.997852e-01 -1.592990e-02 -1.325895e-02 1.629937e+01
-1.148997e-02 1.077219e-01 -9.941147e-01 -1.322973e+02 1.784276e-02 9.940441e-01 1.075080e-01 7.143615e+00 9.997748e-01 -1.650249e-02 -1.334359e-02 1.626165e+01
-1.197804e-02 1.072818e-01 -9.941565e-01 -1.335875e+02 2.308578e-02 9.939925e-01 1.069859e-01 7.260812e+00 9.996617e-01 -2.166939e-02 -1.438276e-02 1.623445e+01
-1.265123e-02 1.052337e-01 -9.943670e-01 -1.348995e+02 2.720998e-02 9.941146e-01 1.048608e-01 7.380353e+00 9.995497e-01 -2.573009e-02 -1.544018e-02 1.622102e+01
-1.246024e-02 1.053521e-01 -9.943569e-01 -1.362060e+02 2.694405e-02 9.941084e-01 1.049881e-01 7.466465e+00 9.995593e-01 -2.548382e-02 -1.522544e-02 1.622218e+01
-1.159219e-02 1.044035e-01 -9.944675e-01 -1.375047e+02 2.622021e-02 9.942241e-01 1.040723e-01 7.561962e+00 9.995890e-01 -2.486872e-02 -1.426272e-02 1.619350e+01
-1.013093e-02 1.027870e-01 -9.946518e-01 -1.388017e+02 2.598149e-02 9.943941e-01 1.024958e-01 7.654850e+00 9.996111e-01 -2.480416e-02 -1.274469e-02 1.616294e+01
-8.697357e-03 1.032271e-01 -9.946198e-01 -1.400651e+02 2.551205e-02 9.943565e-01 1.029767e-01 7.753701e+00 9.996367e-01 -2.447916e-02 -1.128181e-02 1.613178e+01
-7.854514e-03 1.035156e-01 -9.945968e-01 -1.413400e+02 2.752795e-02 9.942729e-01 1.032645e-01 7.862702e+00 9.995902e-01 -2.656812e-02 -1.065910e-02 1.611019e+01
-6.723974e-03 1.041183e-01 -9.945422e-01 -1.425926e+02 3.096647e-02 9.941094e-01 1.038636e-01 7.972542e+00 9.994978e-01 -3.009909e-02 -9.908542e-03 1.608142e+01
-4.985352e-03 1.056142e-01 -9.943947e-01 -1.438857e+02 3.206824e-02 9.939125e-01 1.054022e-01 8.078147e+00 9.994732e-01 -3.136302e-02 -8.341866e-03 1.605448e+01
-3.964685e-03 1.073528e-01 -9.942131e-01 -1.451462e+02 2.946619e-02 9.938017e-01 1.071909e-01 8.180683e+00 9.995579e-01 -2.887070e-02 -7.103389e-03 1.603180e+01
-3.420362e-03 1.057556e-01 -9.943863e-01 -1.464146e+02 2.662622e-02 9.940492e-01 1.056281e-01 8.278943e+00 9.996396e-01 -2.611546e-02 -6.215879e-03 1.599818e+01
-2.878369e-03 1.023657e-01 -9.947427e-01 -1.476833e+02 2.538501e-02 9.944337e-01 1.022605e-01 8.375054e+00 9.996736e-01 -2.495721e-02 -5.460901e-03 1.596262e+01
-2.542420e-03 1.008825e-01 -9.948951e-01 -1.489274e+02 2.470358e-02 9.946010e-01 1.007896e-01 8.484714e+00 9.996916e-01 -2.432122e-02 -5.020853e-03 1.593021e+01
-2.770652e-03 9.805516e-02 -9.951771e-01 -1.501813e+02 2.487702e-02 9.948797e-01 9.795659e-02 8.586017e+00 9.996867e-01 -2.448564e-02 -5.195786e-03 1.591101e+01
-2.933710e-03 9.670007e-02 -9.953092e-01 -1.514291e+02 2.335628e-02 9.950486e-01 9.660590e-02 8.684681e+00 9.997229e-01 -2.296331e-02 -5.177738e-03 1.589736e+01
-2.961466e-03 9.589705e-02 -9.953869e-01 -1.527063e+02 2.345058e-02 9.951241e-01 9.580197e-02 8.790212e+00 9.997206e-01 -2.305868e-02 -5.195867e-03 1.588914e+01
-3.168732e-03 9.350630e-02 -9.956136e-01 -1.540162e+02 2.624764e-02 9.952834e-01 9.339175e-02 8.884055e+00 9.996504e-01 -2.583658e-02 -5.608106e-03 1.588480e+01
-2.723368e-03 9.151817e-02 -9.957997e-01 -1.553020e+02 2.731669e-02 9.954386e-01 9.141028e-02 8.992042e+00 9.996231e-01 -2.695300e-02 -5.210919e-03 1.585120e+01
-2.136231e-03 8.910156e-02 -9.960203e-01 -1.565603e+02 2.610114e-02 9.956882e-01 8.901587e-02 9.071713e+00 9.996570e-01 -2.580710e-02 -4.452672e-03 1.581541e+01
-1.519538e-03 9.060466e-02 -9.958858e-01 -1.578319e+02 2.617268e-02 9.955494e-01 9.053412e-02 9.166197e+00 9.996563e-01 -2.592743e-02 -3.884142e-03 1.577593e+01
5.865255e-04 9.157482e-02 -9.957980e-01 -1.591186e+02 3.082608e-02 9.953233e-01 9.154933e-02 9.269878e+00 9.995246e-01 -3.075024e-02 -2.239110e-03 1.571739e+01
1.404881e-03 9.643560e-02 -9.953382e-01 -1.603701e+02 3.780701e-02 9.946225e-01 9.641961e-02 9.354591e+00 9.992841e-01 -3.776622e-02 -2.248615e-03 1.570296e+01
2.924987e-03 1.004892e-01 -9.949339e-01 -1.616079e+02 3.801439e-02 9.942078e-01 1.005276e-01 9.443255e+00 9.992729e-01 -3.811584e-02 -9.119892e-04 1.568670e+01
5.304585e-03 1.045573e-01 -9.945047e-01 -1.628846e+02 3.383945e-02 9.939303e-01 1.046774e-01 9.559358e+00 9.994132e-01 -3.420877e-02 1.734227e-03 1.565686e+01
7.682063e-03 1.060218e-01 -9.943341e-01 -1.641390e+02 2.868575e-02 9.939309e-01 1.062004e-01 9.653615e+00 9.995590e-01 -2.933906e-02 4.594126e-03 1.563318e+01
9.044476e-03 1.080183e-01 -9.941078e-01 -1.654235e+02 2.751321e-02 9.937452e-01 1.082292e-01 9.757695e+00 9.995805e-01 -2.832997e-02 6.015975e-03 1.562433e+01
1.069361e-02 1.027086e-01 -9.946540e-01 -1.666540e+02 2.433441e-02 9.943896e-01 1.029429e-01 9.863945e+00 9.996467e-01 -2.530515e-02 8.134261e-03 1.561550e+01
1.099832e-02 9.921696e-02 -9.950050e-01 -1.678741e+02 1.996997e-02 9.948450e-01 9.942174e-02 9.969545e+00 9.997401e-01 -2.096369e-02 8.960263e-03 1.561387e+01
1.007488e-02 9.335690e-02 -9.955817e-01 -1.691075e+02 1.618175e-02 9.954867e-01 9.351174e-02 1.008335e+01 9.998183e-01 -1.705237e-02 8.518733e-03 1.563201e+01
9.056246e-03 9.070952e-02 -9.958362e-01 -1.703496e+02 1.934842e-02 9.956747e-01 9.087077e-02 1.018516e+01 9.997718e-01 -2.009081e-02 7.261989e-03 1.564051e+01
1.034564e-02 9.072829e-02 -9.958219e-01 -1.716220e+02 2.650920e-02 9.955003e-01 9.097439e-02 1.026186e+01 9.995950e-01 -2.733963e-02 7.893956e-03 1.563442e+01
1.202717e-02 9.206840e-02 -9.956800e-01 -1.729117e+02 2.985899e-02 9.952750e-01 9.239162e-02 1.035560e+01 9.994818e-01 -3.084121e-02 9.221272e-03 1.564833e+01
1.403951e-02 9.275644e-02 -9.955898e-01 -1.741766e+02 2.651158e-02 9.953034e-01 9.310361e-02 1.044623e+01 9.995499e-01 -2.770178e-02 1.151445e-02 1.564949e+01
1.581301e-02 9.474395e-02 -9.953761e-01 -1.754162e+02 2.674442e-02 9.951043e-01 9.514295e-02 1.052559e+01 9.995172e-01 -2.812526e-02 1.320173e-02 1.562345e+01
1.670015e-02 9.220976e-02 -9.955996e-01 -1.766999e+02 2.801436e-02 9.953043e-01 9.265233e-02 1.061223e+01 9.994680e-01 -2.943840e-02 1.403854e-02 1.562458e+01
1.751738e-02 9.240642e-02 -9.955673e-01 -1.779374e+02 2.563162e-02 9.953513e-01 9.283737e-02 1.070959e+01 9.995180e-01 -2.714427e-02 1.506743e-02 1.563842e+01
1.960656e-02 9.251343e-02 -9.955184e-01 -1.791338e+02 2.451793e-02 9.953659e-01 9.298213e-02 1.079196e+01 9.995071e-01 -2.623110e-02 1.724746e-02 1.563697e+01
2.183043e-02 9.357472e-02 -9.953729e-01 -1.803571e+02 2.643616e-02 9.952080e-01 9.413901e-02 1.087660e+01 9.994121e-01 -2.836893e-02 1.925206e-02 1.565002e+01
2.370542e-02 9.346632e-02 -9.953402e-01 -1.815847e+02 2.805891e-02 9.951655e-01 9.411819e-02 1.097005e+01 9.993251e-01 -3.015927e-02 2.096825e-02 1.565240e+01
2.416312e-02 9.433592e-02 -9.952471e-01 -1.827053e+02 2.925179e-02 9.950448e-01 9.502694e-02 1.105010e+01 9.992800e-01 -3.140890e-02 2.128389e-02 1.567352e+01
2.473971e-02 9.488032e-02 -9.951812e-01 -1.838045e+02 3.081485e-02 9.949405e-01 9.562341e-02 1.111870e+01 9.992189e-01 -3.303205e-02 2.169081e-02 1.568466e+01
2.506875e-02 9.399659e-02 -9.952569e-01 -1.849053e+02 3.134452e-02 9.950063e-01 9.476244e-02 1.119367e+01 9.991942e-01 -3.357143e-02 2.199728e-02 1.569930e+01
2.628302e-02 9.401322e-02 -9.952240e-01 -1.859791e+02 3.054212e-02 9.950276e-01 9.480126e-02 1.126141e+01 9.991879e-01 -3.288791e-02 2.328096e-02 1.570343e+01
2.826843e-02 9.469362e-02 -9.951050e-01 -1.870609e+02 3.064445e-02 9.949529e-01 9.554967e-02 1.132553e+01 9.991305e-01 -3.319549e-02 2.522392e-02 1.571362e+01
2.947780e-02 9.541398e-02 -9.950011e-01 -1.880538e+02 3.194107e-02 9.948354e-01 9.634437e-02 1.138092e+01 9.990550e-01 -3.462142e-02 2.627794e-02 1.574754e+01
2.901217e-02 9.401010e-02 -9.951484e-01 -1.890110e+02 3.042311e-02 9.950232e-01 9.488521e-02 1.144820e+01 9.991160e-01 -3.302834e-02 2.600771e-02 1.575183e+01
2.556526e-02 9.212171e-02 -9.954195e-01 -1.899818e+02 2.730564e-02 9.953091e-01 9.281278e-02 1.152216e+01 9.993002e-01 -2.955335e-02 2.292990e-02 1.577593e+01
2.082346e-02 9.222727e-02 -9.955202e-01 -1.909742e+02 2.455434e-02 9.953886e-01 9.272869e-02 1.156490e+01 9.994816e-01 -2.637527e-02 1.846285e-02 1.580096e+01
1.539311e-02 9.476221e-02 -9.953809e-01 -1.918855e+02 2.220751e-02 9.952209e-01 9.509040e-02 1.159238e+01 9.996349e-01 -2.356867e-02 1.321511e-02 1.585198e+01
1.204284e-02 9.723736e-02 -9.951884e-01 -1.928356e+02 2.092576e-02 9.950181e-01 9.747394e-02 1.167452e+01 9.997085e-01 -2.199893e-02 9.948079e-03 1.584346e+01
9.762969e-03 9.918882e-02 -9.950207e-01 -1.937812e+02 2.175915e-02 9.948115e-01 9.938145e-02 1.174313e+01 9.997156e-01 -2.262107e-02 7.554049e-03 1.583129e+01
8.032173e-03 9.818481e-02 -9.951358e-01 -1.947366e+02 2.327790e-02 9.948799e-01 9.834744e-02 1.182818e+01 9.996968e-01 -2.395462e-02 5.705511e-03 1.582459e+01
6.699776e-03 9.550631e-02 -9.954063e-01 -1.956893e+02 2.463946e-02 9.951106e-01 9.564378e-02 1.190807e+01 9.996740e-01 -2.516707e-02 4.313794e-03 1.581568e+01
4.814240e-03 9.428633e-02 -9.955335e-01 -1.966177e+02 2.503846e-02 9.952215e-01 9.437786e-02 1.197993e+01 9.996749e-01 -2.538098e-02 2.430451e-03 1.581752e+01
3.431891e-03 9.467600e-02 -9.955022e-01 -1.975476e+02 2.411988e-02 9.952106e-01 9.473142e-02 1.204720e+01 9.997032e-01 -2.433650e-02 1.131880e-03 1.582052e+01
2.311630e-03 9.645579e-02 -9.953346e-01 -1.984721e+02 2.336209e-02 9.950604e-01 9.648348e-02 1.211218e+01 9.997244e-01 -2.347613e-02 4.680272e-05 1.581836e+01
2.837560e-03 9.999598e-02 -9.949838e-01 -1.994046e+02 2.289937e-02 9.947204e-01 1.000348e-01 1.218561e+01 9.997337e-01 -2.306835e-02 5.327337e-04 1.580478e+01
4.055392e-03 1.021504e-01 -9.947607e-01 -2.003408e+02 2.132225e-02 9.945339e-01 1.022140e-01 1.225912e+01 9.997644e-01 -2.162506e-02 1.855149e-03 1.578391e+01
4.920204e-03 1.022977e-01 -9.947417e-01 -2.012729e+02 1.849796e-02 9.945742e-01 1.023720e-01 1.234494e+01 9.998168e-01 -1.890438e-02 3.001209e-03 1.577862e+01
5.587788e-03 1.016973e-01 -9.947997e-01 -2.022260e+02 1.604975e-02 9.946780e-01 1.017750e-01 1.242611e+01 9.998556e-01 -1.653498e-02 3.925835e-03 1.576952e+01
6.589945e-03 1.022373e-01 -9.947382e-01 -2.032145e+02 1.501985e-02 9.946375e-01 1.023264e-01 1.252657e+01 9.998655e-01 -1.561515e-02 5.019017e-03 1.575973e+01
