9.999956e-01 2.912142e-03 6.297091e-04 -2.098063e-02 -2.913380e-03 9.999938e-01 1.974188e-03 -2.425470e-02 -6.239561e-04 -1.976013e-03 9.999979e-01 7.814182e-01
9.999841e-01 5.593725e-03 7.719459e-04 -2.301762e-02 -5.595725e-03 9.999809e-01 2.613531e-03 -5.265452e-02 -7.573118e-04 -2.617809e-03 9.999963e-01 1.562585e+00
9.999770e-01 6.610101e-03 1.516318e-03 -4.164834e-02 -6.613821e-03 9.999751e-01 2.461450e-03 -7.771199e-02 -1.500010e-03 -2.471422e-03 9.999958e-01 2.312577e+00
9.999605e-01 8.733405e-03 1.666485e-03 -4.891271e-02 -8.736349e-03 9.999603e-01 1.767433e-03 -9.084803e-02 -1.650984e-03 -1.781922e-03 9.999970e-01 3.055575e+00
9.999612e-01 8.569733e-03 2.031306e-03 -4.929164e-02 -8.572512e-03 9.999623e-01 1.363261e-03 -1.018063e-01 -2.019547e-03 -1.380621e-03 9.999970e-01 3.791591e+00
9.999574e-01 8.978252e-03 2.148635e-03 -5.001608e-02 -8.983353e-03 9.999568e-01 2.376275e-03 -1.142095e-01 -2.127208e-03 -2.395476e-03 9.999949e-01 4.512895e+00
9.999481e-01 9.740334e-03 2.982362e-03 -5.902069e-02 -9.754116e-03 9.999417e-01 4.641970e-03 -1.223503e-01 -2.936973e-03 -4.670820e-03 9.999848e-01 5.206886e+00
9.999523e-01 9.194242e-03 3.285505e-03 -3.170746e-02 -9.222975e-03 9.999184e-01 8.839904e-03 -1.360604e-01 -3.203961e-03 -8.869785e-03 9.999555e-01 5.892442e+00
9.999564e-01 8.263549e-03 4.358226e-03 -2.717308e-02 -8.318027e-03 9.998856e-01 1.263369e-02 -1.557157e-01 -4.253328e-03 -1.266939e-02 9.999107e-01 6.551460e+00
9.999569e-01 7.698482e-03 5.181494e-03 -2.369206e-02 -7.772475e-03 9.998659e-01 1.441474e-02 -1.557085e-01 -5.069828e-03 -1.445439e-02 9.998827e-01 7.184783e+00
9.999505e-01 7.782996e-03 6.199622e-03 -1.604896e-02 -7.871953e-03 9.998645e-01 1.445596e-02 -1.672401e-01 -6.086272e-03 -1.450405e-02 9.998763e-01 7.794345e+00
9.999393e-01 8.219038e-03 7.335862e-03 -9.598065e-03 -8.306938e-03 9.998931e-01 1.203327e-02 -1.834817e-01 -7.236176e-03 -1.209348e-02 9.999007e-01 8.355207e+00
9.999352e-01 8.126910e-03 7.974218e-03 2.071969e-03 -8.201082e-03 9.999230e-01 9.313225e-03 -1.941033e-01 -7.897916e-03 -9.378018e-03 9.999248e-01 8.893829e+00
9.999308e-01 6.328419e-03 9.913501e-03 2.918289e-03 -6.404260e-03 9.999503e-01 7.637291e-03 -1.993722e-01 -9.864676e-03 -7.700251e-03 9.999217e-01 9.403647e+00
9.999291e-01 2.607087e-03 1.161764e-02 2.110655e-02 -2.670062e-03 9.999818e-01 5.408384e-03 -2.105913e-01 -1.160333e-02 -5.439020e-03 9.999179e-01 9.884432e+00
9.999119e-01 6.900245e-04 1.325698e-02 3.958621e-02 -7.557478e-04 9.999874e-01 4.953265e-03 -2.405932e-01 -1.325340e-02 -4.962847e-03 9.998999e-01 1.034270e+01
9.998741e-01 4.299776e-03 1.527086e-02 4.585454e-02 -4.347491e-03 9.999858e-01 3.092765e-03 -2.618519e-01 -1.525735e-02 -3.158766e-03 9.998786e-01 1.076174e+01
9.997989e-01 8.487852e-03 1.816978e-02 5.442020e-02 -8.534059e-03 9.999605e-01 2.467006e-03 -2.736146e-01 -1.814812e-02 -2.621572e-03 9.998319e-01 1.115087e+01
9.997334e-01 8.819043e-03 2.133838e-02 6.802950e-02 -8.902019e-03 9.999532e-01 3.796718e-03 -2.904499e-01 -2.130390e-02 -3.985661e-03 9.997651e-01 1.151273e+01
9.997045e-01 4.696995e-03 2.384911e-02 1.017643e-01 -4.801501e-03 9.999791e-01 4.326588e-03 -2.955086e-01 -2.382829e-02 -4.439821e-03 9.997062e-01 1.184399e+01
9.996581e-01 -8.234304e-05 2.614530e-02 1.242827e-01 -4.605111e-05 9.999879e-01 4.910153e-03 -3.175892e-01 -2.614539e-02 -4.909679e-03 9.996461e-01 1.214026e+01
9.995950e-01 -3.301210e-03 2.826527e-02 1.400570e-01 3.138212e-03 9.999782e-01 5.809140e-03 -3.136558e-01 -2.828383e-02 -5.718085e-03 9.995836e-01 1.239831e+01
9.995107e-01 -3.524256e-03 3.107874e-02 1.464876e-01 3.300520e-03 9.999683e-01 7.247341e-03 -3.278231e-01 -3.110330e-02 -7.141219e-03 9.994907e-01 1.262685e+01
9.994451e-01 -3.054618e-03 3.316727e-02 1.526615e-01 2.844848e-03 9.999757e-01 6.369947e-03 -3.375634e-01 -3.318592e-02 -6.272057e-03 9.994295e-01 1.284060e+01
9.993760e-01 -1.948188e-03 3.526785e-02 1.611957e-01 1.790006e-03 9.999882e-01 4.516200e-03 -3.372835e-01 -3.527623e-02 -4.450252e-03 9.993677e-01 1.302792e+01
9.992935e-01 3.449759e-04 3.758246e-02 1.702735e-01 -4.900618e-04 9.999925e-01 3.851327e-03 -3.470091e-01 -3.758084e-02 -3.867024e-03 9.992861e-01 1.320778e+01
9.992357e-01 3.190309e-03 3.895917e-02 1.814767e-01 -3.289248e-03 9.999915e-01 2.475738e-03 -3.419650e-01 -3.895094e-02 -2.601992e-03 9.992377e-01 1.337180e+01
9.991699e-01 4.079976e-03 4.053156e-02 1.803765e-01 -4.127608e-03 9.999909e-01 1.091585e-03 -3.502224e-01 -4.052674e-02 -1.257977e-03 9.991777e-01 1.352937e+01
9.991175e-01 3.254387e-03 4.187646e-02 1.993420e-01 -3.242021e-03 9.999947e-01 -3.632239e-04 -3.596269e-01 -4.187742e-02 2.271390e-04 9.991227e-01 1.368990e+01
9.990763e-01 1.670883e-03 4.294000e-02 2.152914e-01 -1.591832e-03 9.999970e-01 -1.875104e-03 -3.648747e-01 -4.294300e-02 1.805019e-03 9.990759e-01 1.384088e+01
9.990232e-01 5.779286e-04 4.418462e-02 2.230094e-01 -4.582410e-04 9.999962e-01 -2.718889e-03 -3.743950e-01 -4.418602e-02 2.695986e-03 9.990197e-01 1.398436e+01
9.989616e-01 1.118782e-03 4.554572e-02 2.318603e-01 -9.431838e-04 9.999920e-01 -3.876741e-03 -3.841304e-01 -4.554970e-02 3.829758e-03 9.989547e-01 1.411883e+01
9.988930e-01 1.741043e-03 4.700727e-02 2.308633e-01 -1.488407e-03 9.999843e-01 -5.408882e-03 -3.978735e-01 -4.701594e-02 5.332929e-03 9.988799e-01 1.424511e+01
9.988681e-01 1.569980e-03 4.753937e-02 2.434094e-01 -1.209181e-03 9.999703e-01 -7.617297e-03 -4.045273e-01 -4.754991e-02 7.551191e-03 9.988403e-01 1.437341e+01
9.988486e-01 7.596434e-04 4.796675e-02 2.545056e-01 -2.770382e-04 9.999493e-01 -1.006709e-02 -4.066730e-01 -4.797196e-02 1.004221e-02 9.987982e-01 1.450185e+01
9.989146e-01 -3.984020e-04 4.657740e-02 2.801721e-01 9.665161e-04 9.999254e-01 -1.217532e-02 -4.086134e-01 -4.656908e-02 1.220712e-02 9.988405e-01 1.463534e+01
9.990239e-01 -1.175781e-03 4.415802e-02 2.928326e-01 1.772748e-03 9.999075e-01 -1.348215e-02 -4.123340e-01 -4.413809e-02 1.354728e-02 9.989336e-01 1.476671e+01
9.991709e-01 -1.091626e-03 4.069857e-02 3.000653e-01 1.706085e-03 9.998850e-01 -1.506613e-02 -4.080781e-01 -4.067745e-02 1.512308e-02 9.990579e-01 1.489978e+01
9.993419e-01 -6.899924e-04 3.626649e-02 3.082792e-01 1.289808e-03 9.998627e-01 -1.651832e-02 -4.095909e-01 -3.625012e-02 1.655422e-02 9.992056e-01 1.503371e+01
9.995405e-01 -7.270837e-04 3.030154e-02 3.083827e-01 1.280564e-03 9.998326e-01 -1.825036e-02 -4.015178e-01 -3.028320e-02 1.828077e-02 9.993742e-01 1.516041e+01
9.997389e-01 -1.518742e-03 2.279800e-02 3.239423e-01 1.955172e-03 9.998150e-01 -1.913328e-02 -4.054012e-01 -2.276472e-02 1.917286e-02 9.995570e-01 1.529970e+01
9.998803e-01 -1.515905e-03 1.539901e-02 3.196913e-01 1.823652e-03 9.997985e-01 -1.999052e-02 -4.063092e-01 -1.536560e-02 2.001620e-02 9.996816e-01 1.542946e+01
9.999757e-01 -2.083518e-03 6.655707e-03 3.223588e-01 2.225226e-03 9.997695e-01 -2.135521e-02 -4.098273e-01 -6.609678e-03 2.136950e-02 9.997498e-01 1.556215e+01
9.999897e-01 -3.122812e-03 -3.283623e-03 3.083307e-01 3.048187e-03 9.997424e-01 -2.249084e-02 -4.162549e-01 3.353012e-03 2.248060e-02 9.997417e-01 1.569996e+01
9.998466e-01 -5.382946e-03 -1.666606e-02 3.028043e-01 4.981147e-03 9.996982e-01 -2.405716e-02 -4.275032e-01 1.679053e-02 2.397046e-02 9.995717e-01 1.584728e+01
9.994172e-01 -6.780845e-03 -3.345488e-02 2.909223e-01 5.934039e-03 9.996611e-01 -2.534655e-02 -4.441616e-01 3.361542e-02 2.513325e-02 9.991188e-01 1.600527e+01
9.985592e-01 -6.827495e-03 -5.322537e-02 2.731123e-01 5.400631e-03 9.996234e-01 -2.690584e-02 -4.412994e-01 5.338902e-02 2.657963e-02 9.982200e-01 1.617729e+01
9.971052e-01 -7.102510e-03 -7.570208e-02 2.481414e-01 5.067051e-03 9.996213e-01 -2.704599e-02 -4.411609e-01 7.586551e-02 2.658411e-02 9.967636e-01 1.637114e+01
9.950657e-01 -7.476490e-03 -9.893630e-02 1.929619e-01 4.958083e-03 9.996580e-01 -2.567628e-02 -4.485582e-01 9.909444e-02 2.505905e-02 9.947625e-01 1.657720e+01
9.920374e-01 -7.977240e-03 -1.256908e-01 1.341297e-01 4.966638e-03 9.996936e-01 -2.424765e-02 -4.600495e-01 1.258457e-01 2.343031e-02 9.917731e-01 1.679993e+01
9.876803e-01 -8.105399e-03 -1.562755e-01 7.367616e-02 4.647352e-03 9.997365e-01 -2.248059e-02 -4.679134e-01 1.564165e-01 2.147737e-02 9.874576e-01 1.703652e+01
9.818357e-01 -9.284807e-03 -1.895055e-01 -6.161030e-03 5.635015e-03 9.997883e-01 -1.978930e-02 -4.696545e-01 1.896492e-01 1.836197e-02 9.816802e-01 1.728741e+01
9.740190e-01 -9.312381e-03 -2.262749e-01 -1.009007e-01 5.856819e-03 9.998558e-01 -1.593807e-02 -4.792676e-01 2.263907e-01 1.419873e-02 9.739331e-01 1.754690e+01
9.638504e-01 -9.281548e-03 -2.662824e-01 -2.056785e-01 6.669458e-03 9.999204e-01 -1.071212e-02 -4.939297e-01 2.663606e-01 8.548923e-03 9.638355e-01 1.781819e+01
9.513918e-01 -5.890181e-03 -3.079269e-01 -3.139482e-01 4.341170e-03 9.999742e-01 -5.715240e-03 -5.009796e-01 3.079526e-01 4.100670e-03 9.513929e-01 1.807149e+01
9.366409e-01 -3.640698e-03 -3.502720e-01 -4.541195e-01 3.468903e-03 9.999934e-01 -1.117867e-03 -5.127944e-01 3.502738e-01 -1.680193e-04 9.366473e-01 1.835291e+01
9.193823e-01 -2.615935e-03 -3.933566e-01 -5.971626e-01 4.476384e-03 9.999827e-01 3.812364e-03 -5.227522e-01 3.933398e-01 -5.265835e-03 9.193781e-01 1.861977e+01
8.993811e-01 -1.844867e-03 -4.371615e-01 -7.788317e-01 6.960005e-03 9.999248e-01 1.009917e-02 -5.313422e-01 4.371100e-01 -1.212565e-02 8.993263e-01 1.892198e+01
8.771494e-01 2.781132e-04 -4.802175e-01 -9.628194e-01 8.403068e-03 9.998378e-01 1.592781e-02 -5.335432e-01 4.801441e-01 -1.800637e-02 8.770048e-01 1.917528e+01
8.520050e-01 5.014036e-03 -5.235097e-01 -1.192545e+00 6.984902e-03 9.997563e-01 2.094323e-02 -5.437672e-01 5.234871e-01 -2.150040e-02 8.517623e-01 1.945254e+01
8.236421e-01 8.701754e-03 -5.670432e-01 -1.415532e+00 6.347103e-03 9.996782e-01 2.456020e-02 -5.547624e-01 5.670744e-01 -2.382790e-02 8.233218e-01 1.970184e+01
7.921194e-01 1.398441e-02 -6.102060e-01 -1.661532e+00 3.584079e-03 9.996137e-01 2.756123e-02 -5.553504e-01 6.103557e-01 -2.401881e-02 7.917632e-01 1.997190e+01
7.579035e-01 1.768139e-02 -6.521271e-01 -1.930987e+00 2.506442e-03 9.995463e-01 3.001411e-02 -5.470888e-01 6.523619e-01 -2.438232e-02 7.575153e-01 2.022777e+01
7.200201e-01 2.178968e-02 -6.936110e-01 -2.226109e+00 2.222695e-03 9.994294e-01 3.370424e-02 -5.411759e-01 6.939496e-01 -2.580942e-02 7.195608e-01 2.049901e+01
6.799024e-01 2.357687e-02 -7.329235e-01 -2.529774e+00 2.985936e-03 9.993857e-01 3.491843e-02 -5.287682e-01 7.332965e-01 -2.592959e-02 6.794144e-01 2.075290e+01
6.381125e-01 2.394014e-02 -7.695709e-01 -2.862894e+00 3.883609e-03 9.994037e-01 3.431009e-02 -5.179161e-01 7.699333e-01 -2.488241e-02 6.376390e-01 2.099925e+01
5.942574e-01 2.289597e-02 -8.039490e-01 -3.202029e+00 6.633300e-03 9.994212e-01 3.336606e-02 -5.234038e-01 8.042476e-01 -2.516086e-02 5.937615e-01 2.122583e+01
5.486489e-01 2.195199e-02 -8.357646e-01 -3.597182e+00 8.892509e-03 9.994455e-01 3.208880e-02 -5.026326e-01 8.360056e-01 -2.503753e-02 5.481494e-01 2.145912e+01
5.012551e-01 2.363257e-02 -8.649768e-01 -4.016574e+00 9.822991e-03 9.994071e-01 3.299786e-02 -4.914464e-01 8.652438e-01 -2.503701e-02 5.007258e-01 2.166387e+01
4.506505e-01 2.734568e-02 -8.922815e-01 -4.468081e+00 6.984611e-03 9.993921e-01 3.415589e-02 -4.754248e-01 8.926731e-01 -2.162461e-02 4.501856e-01 2.186444e+01
3.969824e-01 2.584013e-02 -9.174624e-01 -4.945472e+00 7.944612e-03 9.994694e-01 3.158744e-02 -4.608570e-01 9.177918e-01 -1.982854e-02 3.965665e-01 2.205594e+01
3.422685e-01 2.418374e-02 -9.392909e-01 -5.415705e+00 9.262074e-03 9.995333e-01 2.910980e-02 -4.543571e-01 9.395565e-01 -1.866315e-02 3.418848e-01 2.221385e+01
2.874829e-01 2.501531e-02 -9.574591e-01 -5.919960e+00 8.075088e-03 9.995600e-01 2.853987e-02 -4.387851e-01 9.577517e-01 -1.593629e-02 2.871544e-01 2.234089e+01
2.333144e-01 2.789312e-02 -9.720012e-01 -6.452647e+00 1.293624e-02 9.994110e-01 3.178484e-02 -4.228426e-01 9.723153e-01 -1.998991e-02 2.328162e-01 2.244208e+01
1.809720e-01 2.848838e-02 -9.830756e-01 -7.006265e+00 1.838051e-02 9.993078e-01 3.234239e-02 -4.061840e-01 9.833165e-01 -2.392250e-02 1.803231e-01 2.253153e+01
1.319047e-01 2.687543e-02 -9.908980e-01 -7.580711e+00 2.052557e-02 9.993440e-01 2.983679e-02 -3.904185e-01 9.910499e-01 -2.427436e-02 1.312666e-01 2.259444e+01
8.683816e-02 2.774776e-02 -9.958359e-01 -8.187729e+00 2.207691e-02 9.993129e-01 2.976977e-02 -3.888985e-01 9.959778e-01 -2.457013e-02 8.616592e-02 2.263843e+01
4.555619e-02 3.074217e-02 -9.984886e-01 -8.845687e+00 2.029052e-02 9.992917e-01 3.169265e-02 -3.894613e-01 9.987557e-01 -2.170365e-02 4.490014e-02 2.266673e+01
9.610339e-03 3.594643e-02 -9.993075e-01 -9.495272e+00 1.562183e-02 9.992263e-01 3.609375e-02 -3.742478e-01 9.998318e-01 -1.595789e-02 9.041354e-03 2.266394e+01
-1.909445e-02 3.988377e-02 -9.990219e-01 -1.017366e+01 1.561120e-02 9.990941e-01 3.958828e-02 -3.504937e-01 9.996958e-01 -1.484001e-02 -1.969979e-02 2.262976e+01
-4.013457e-02 4.288140e-02 -9.982737e-01 -1.087750e+01 1.974978e-02 9.989175e-01 4.211503e-02 -3.276696e-01 9.989991e-01 -1.802541e-02 -4.093802e-02 2.258786e+01
-5.347917e-02 4.217948e-02 -9.976777e-01 -1.163859e+01 2.543737e-02 9.988408e-01 4.086512e-02 -2.980802e-01 9.982449e-01 -2.319287e-02 -5.449011e-02 2.254690e+01
-6.135123e-02 4.354856e-02 -9.971658e-01 -1.240759e+01 2.794351e-02 9.987311e-01 4.189768e-02 -2.790884e-01 9.977250e-01 -2.529383e-02 -6.249028e-02 2.249087e+01
-6.540750e-02 4.253081e-02 -9.969518e-01 -1.320778e+01 2.516045e-02 9.988439e-01 4.096081e-02 -2.638812e-01 9.975414e-01 -2.240461e-02 -6.640198e-02 2.243374e+01
-6.518734e-02 3.479248e-02 -9.972663e-01 -1.400450e+01 2.066121e-02 9.992248e-01 3.351026e-02 -2.503983e-01 9.976591e-01 -1.842029e-02 -6.585566e-02 2.238532e+01
-6.165131e-02 2.298847e-02 -9.978330e-01 -1.482134e+01 1.767341e-02 9.996031e-01 2.193729e-02 -2.153701e-01 9.979413e-01 -1.628264e-02 -6.203313e-02 2.234585e+01
-5.617730e-02 2.240293e-02 -9.981694e-01 -1.566076e+01 1.767743e-02 9.996138e-01 2.144046e-02 -2.018492e-01 9.982643e-01 -1.644060e-02 -5.655163e-02 2.231136e+01
-5.048978e-02 2.445118e-02 -9.984252e-01 -1.652384e+01 1.633072e-02 9.995868e-01 2.365379e-02 -1.932128e-01 9.985911e-01 -1.511073e-02 -5.086823e-02 2.224776e+01
-4.787429e-02 1.995980e-02 -9.986539e-01 -1.741550e+01 1.016787e-02 9.997583e-01 1.949443e-02 -2.020517e-01 9.988016e-01 -9.220897e-03 -4.806566e-02 2.222219e+01
-4.590739e-02 2.193825e-02 -9.987048e-01 -1.831178e+01 -4.410421e-04 9.997583e-01 2.198167e-02 -1.995064e-01 9.989456e-01 1.449592e-03 -4.588661e-02 2.218887e+01
-4.524473e-02 2.945947e-02 -9.985415e-01 -1.923646e+01 -7.937665e-03 9.995229e-01 2.984808e-02 -1.942607e-01 9.989444e-01 9.276556e-03 -4.498930e-02 2.213848e+01
-4.668148e-02 3.508337e-02 -9.982935e-01 -2.017382e+01 -1.052499e-02 9.993103e-01 3.561127e-02 -1.662701e-01 9.988544e-01 1.216942e-02 -4.628003e-02 2.208088e+01
-4.976732e-02 4.462850e-02 -9.977633e-01 -2.111277e+01 -3.962557e-03 9.989845e-01 4.488077e-02 -1.269312e-01 9.987530e-01 6.187289e-03 -4.953994e-02 2.200866e+01
-5.431390e-02 4.974516e-02 -9.972840e-01 -2.209255e+01 4.625980e-03 9.987601e-01 4.956685e-02 -8.851487e-02 9.985132e-01 -1.921247e-03 -5.447668e-02 2.194118e+01
-5.853527e-02 5.184076e-02 -9.969384e-01 -2.312528e+01 1.410992e-02 9.985939e-01 5.109838e-02 -3.656121e-02 9.981856e-01 -1.107566e-02 -5.918443e-02 2.186814e+01
-5.994304e-02 5.378110e-02 -9.967519e-01 -2.417394e+01 2.391978e-02 9.983382e-01 5.242819e-02 1.608050e-02 9.979152e-01 -2.069938e-02 -6.112986e-02 2.179525e+01
-6.088980e-02 5.149782e-02 -9.968151e-01 -2.522301e+01 3.151134e-02 9.982696e-01 4.964811e-02 5.664289e-02 9.976470e-01 -2.838791e-02 -6.240720e-02 2.172077e+01
-6.247454e-02 5.083707e-02 -9.967510e-01 -2.626839e+01 3.196164e-02 9.982916e-01 4.891234e-02 1.001918e-01 9.975347e-01 -2.880202e-02 -6.399264e-02 2.164533e+01
-6.419499e-02 5.195701e-02 -9.965839e-01 -2.730431e+01 2.910124e-02 9.983165e-01 5.017278e-02 1.379656e-01 9.975130e-01 -2.578099e-02 -6.559893e-02 2.156468e+01
-6.728479e-02 5.224879e-02 -9.963648e-01 -2.832236e+01 2.414384e-02 9.984207e-01 5.072616e-02 1.794924e-01 9.974416e-01 -2.064297e-02 -6.844001e-02 2.149025e+01
-7.234151e-02 5.181798e-02 -9.960329e-01 -2.938127e+01 1.904980e-02 9.985391e-01 5.056478e-02 2.153248e-01 9.971980e-01 -1.531629e-02 -7.322295e-02 2.140764e+01
-7.818179e-02 5.184449e-02 -9.955902e-01 -3.040131e+01 1.456719e-02 9.985997e-01 5.085728e-02 2.466361e-01 9.968327e-01 -1.052684e-02 -7.882754e-02 2.131955e+01
-8.534020e-02 5.310179e-02 -9.949358e-01 -3.142658e+01 1.294914e-02 9.985535e-01 5.218416e-02 2.811408e-01 9.962677e-01 -8.430160e-03 -8.590438e-02 2.123761e+01
-9.191897e-02 5.358737e-02 -9.943235e-01 -3.250192e+01 1.507998e-02 9.985113e-01 5.241901e-02 3.341087e-01 9.956523e-01 -1.017608e-02 -9.259022e-02 2.113068e+01
-9.828244e-02 5.600187e-02 -9.935816e-01 -3.361888e+01 2.023030e-02 9.983215e-01 5.426790e-02 3.792919e-01 9.949529e-01 -1.476687e-02 -9.925041e-02 2.101809e+01
-1.041259e-01 5.905770e-02 -9.928091e-01 -3.471236e+01 2.354239e-02 9.981021e-01 5.690342e-02 4.233206e-01 9.942854e-01 -1.744798e-02 -1.053186e-01 2.088672e+01
-1.081835e-01 6.268182e-02 -9.921529e-01 -3.579507e+01 2.645598e-02 9.978383e-01 6.015628e-02 4.640889e-01 9.937789e-01 -1.974046e-02 -1.096079e-01 2.073783e+01
-1.102575e-01 6.747006e-02 -9.916103e-01 -3.687434e+01 2.857224e-02 9.974960e-01 6.469358e-02 5.149286e-01 9.934923e-01 -2.119957e-02 -1.119092e-01 2.059405e+01
-1.109815e-01 7.161155e-02 -9.912391e-01 -3.796794e+01 3.059233e-02 9.971740e-01 6.861513e-02 5.696097e-01 9.933515e-01 -2.270930e-02 -1.128587e-01 2.043405e+01
-1.121907e-01 7.266329e-02 -9.910264e-01 -3.904174e+01 3.070597e-02 9.971000e-01 6.963250e-02 6.179947e-01 9.932122e-01 -2.261831e-02 -1.140966e-01 2.029129e+01
-1.138860e-01 7.294865e-02 -9.908120e-01 -4.013432e+01 2.972210e-02 9.971044e-01 6.999561e-02 6.851514e-01 9.930491e-01 -2.147749e-02 -1.157244e-01 2.015444e+01
-1.149702e-01 7.387146e-02 -9.906184e-01 -4.120949e+01 2.935172e-02 9.970483e-01 7.094442e-02 7.368684e-01 9.929352e-01 -2.091986e-02 -1.167991e-01 2.001803e+01
-1.159651e-01 7.630186e-02 -9.903182e-01 -4.231373e+01 2.871435e-02 9.968858e-01 7.344546e-02 8.054549e-01 9.928382e-01 -1.991923e-02 -1.177949e-01 1.988786e+01
-1.164272e-01 8.058895e-02 -9.899243e-01 -4.341372e+01 2.730122e-02 9.965857e-01 7.792029e-02 8.632598e-01 9.928239e-01 -1.795411e-02 -1.182298e-01 1.974230e+01
-1.163070e-01 8.589177e-02 -9.894924e-01 -4.449953e+01 2.360717e-02 9.962113e-01 8.370015e-02 9.228155e-01 9.929327e-01 -1.362421e-02 -1.178940e-01 1.959614e+01
-1.157242e-01 8.700156e-02 -9.894638e-01 -4.561691e+01 2.351266e-02 9.961174e-01 8.483664e-02 9.945807e-01 9.930031e-01 -1.344727e-02 -1.173206e-01 1.946413e+01
-1.135508e-01 8.800438e-02 -9.896269e-01 -4.672315e+01 2.792983e-02 9.959584e-01 8.536272e-02 1.074423e+00 9.931395e-01 -1.794711e-02 -1.155498e-01 1.931138e+01
-1.119903e-01 8.800757e-02 -9.898044e-01 -4.785741e+01 3.114580e-02 9.958919e-01 8.502487e-02 1.151305e+00 9.932211e-01 -2.130629e-02 -1.142713e-01 1.918600e+01
-1.105444e-01 8.607128e-02 -9.901372e-01 -4.897586e+01 2.989221e-02 9.960802e-01 8.325057e-02 1.244795e+00 9.934216e-01 -2.039450e-02 -1.126840e-01 1.904307e+01
-1.075999e-01 8.576625e-02 -9.904880e-01 -5.009387e+01 2.869072e-02 9.961250e-01 8.313759e-02 1.330259e+00 9.937802e-01 -1.947221e-02 -1.096437e-01 1.889263e+01
-1.025352e-01 8.947044e-02 -9.906975e-01 -5.123728e+01 3.018615e-02 9.957680e-01 8.680415e-02 1.399686e+00 9.942713e-01 -2.100486e-02 -1.048021e-01 1.873117e+01
-9.608851e-02 9.379001e-02 -9.909442e-01 -5.237682e+01 3.211260e-02 9.953247e-01 9.109076e-02 1.471388e+00 9.948547e-01 -2.306902e-02 -9.865111e-02 1.858645e+01
-8.970220e-02 9.711083e-02 -9.912230e-01 -5.350207e+01 3.209445e-02 9.950001e-01 9.457645e-02 1.562771e+00 9.954514e-01 -2.332904e-02 -9.237042e-02 1.845399e+01
-8.307312e-02 9.837396e-02 -9.916761e-01 -5.464775e+01 3.116464e-02 9.948855e-01 9.608165e-02 1.657672e+00 9.960560e-01 -2.292342e-02 -8.571403e-02 1.831512e+01
-7.644657e-02 9.721873e-02 -9.923228e-01 -5.579949e+01 3.026875e-02 9.950027e-01 9.514944e-02 1.746596e+00 9.966141e-01 -2.276252e-02 -7.900723e-02 1.818314e+01
-7.055272e-02 9.497844e-02 -9.929760e-01 -5.693651e+01 3.008550e-02 9.952064e-01 9.305415e-02 1.825381e+00 9.970542e-01 -2.330896e-02 -7.307199e-02 1.806444e+01
-6.485216e-02 9.372146e-02 -9.934840e-01 -5.807446e+01 3.069252e-02 9.952961e-01 9.188888e-02 1.909843e+00 9.974228e-01 -2.453333e-02 -6.742365e-02 1.796692e+01
-5.871963e-02 9.214894e-02 -9.940124e-01 -5.923852e+01 3.235243e-02 9.953831e-01 9.036485e-02 1.996801e+00 9.977501e-01 -2.685252e-02 -6.142977e-02 1.787938e+01
-5.325162e-02 9.233164e-02 -9.943033e-01 -6.042365e+01 3.382279e-02 9.953116e-01 9.061383e-02 2.081455e+00 9.980082e-01 -2.880478e-02 -5.612487e-02 1.780971e+01
-4.820989e-02 9.125128e-02 -9.946602e-01 -6.160675e+01 3.282496e-02 9.954250e-01 8.973046e-02 2.174054e+00 9.982977e-01 -2.832379e-02 -5.098465e-02 1.774596e+01
-4.258195e-02 9.130828e-02 -9.949118e-01 -6.278418e+01 2.769597e-02 9.955403e-01 9.018057e-02 2.270463e+00 9.987090e-01 -2.371499e-02 -4.492092e-02 1.767322e+01
-3.732392e-02 9.106856e-02 -9.951449e-01 -6.397131e+01 2.178144e-02 9.956764e-01 9.030026e-02 2.372574e+00 9.990658e-01 -1.830532e-02 -3.914615e-02 1.759277e+01
-3.261706e-02 9.085813e-02 -9.953296e-01 -6.515398e+01 2.078457e-02 9.957057e-01 9.021136e-02 2.471464e+00 9.992518e-01 -1.774507e-02 -3.436544e-02 1.751479e+01
-2.894231e-02 8.965798e-02 -9.955520e-01 -6.634470e+01 2.341609e-02 9.957567e-01 8.899567e-02 2.555574e+00 9.993068e-01 -2.073619e-02 -3.091894e-02 1.746398e+01
-2.695246e-02 8.915158e-02 -9.956533e-01 -6.751892e+01 2.339003e-02 9.957987e-01 8.853142e-02 2.634923e+00 9.993630e-01 -2.090223e-02 -2.892448e-02 1.743243e+01
-2.555876e-02 9.088383e-02 -9.955335e-01 -6.870699e+01 2.279994e-02 9.956527e-01 9.030936e-02 2.734025e+00 9.994133e-01 -2.038991e-02 -2.751980e-02 1.737877e+01
-2.493656e-02 9.181364e-02 -9.954639e-01 -6.988808e+01 2.399206e-02 9.955417e-01 9.121981e-02 2.820456e+00 9.994011e-01 -2.160852e-02 -2.702818e-02 1.735260e+01
-2.351751e-02 9.223573e-02 -9.954594e-01 -7.108382e+01 2.362951e-02 9.955079e-01 9.168198e-02 2.907810e+00 9.994441e-01 -2.136608e-02 -2.559135e-02 1.731291e+01
-2.248825e-02 9.271501e-02 -9.954387e-01 -7.229986e+01 2.164622e-02 9.955022e-01 9.223191e-02 2.999060e+00 9.995127e-01 -1.947336e-02 -2.439403e-02 1.727871e+01
-2.175903e-02 9.117401e-02 -9.955972e-01 -7.351670e+01 2.030174e-02 9.956680e-01 9.073679e-02 3.091868e+00 9.995571e-01 -1.823802e-02 -2.351576e-02 1.723748e+01
-2.161836e-02 8.864384e-02 -9.958288e-01 -7.474412e+01 2.000891e-02 9.959004e-01 8.821584e-02 3.179475e+00 9.995661e-01 -1.801837e-02 -2.330340e-02 1.720292e+01
-2.121336e-02 8.656089e-02 -9.960207e-01 -7.595573e+01 2.084453e-02 9.960666e-01 8.612093e-02 3.260513e+00 9.995577e-01 -1.893467e-02 -2.293424e-02 1.716205e+01
-2.112663e-02 8.619632e-02 -9.960541e-01 -7.719712e+01 2.370759e-02 9.960396e-01 8.569221e-02 3.344400e+00 9.994957e-01 -2.180366e-02 -2.308647e-02 1.713183e+01
-2.048228e-02 8.800662e-02 -9.959093e-01 -7.839840e+01 2.763834e-02 9.957874e-01 8.742743e-02 3.421398e+00 9.994081e-01 -2.573457e-02 -2.282836e-02 1.709139e+01
-1.912086e-02 9.002602e-02 -9.957558e-01 -7.957415e+01 2.778729e-02 9.956011e-01 8.947845e-02 3.492611e+00 9.994310e-01 -2.595845e-02 -2.153833e-02 1.703619e+01
-1.738941e-02 9.100883e-02 -9.956982e-01 -8.069294e+01 2.554978e-02 9.955641e-01 9.055035e-02 3.571042e+00 9.995223e-01 -2.386526e-02 -1.963753e-02 1.695627e+01
-1.742424e-02 9.060063e-02 -9.957349e-01 -8.190205e+01 2.313341e-02 9.956560e-01 9.018865e-02 3.658017e+00 9.995805e-01 -2.146328e-02 -1.944445e-02 1.692634e+01
-1.717217e-02 8.862218e-02 -9.959173e-01 -8.312489e+01 2.219022e-02 9.958526e-01 8.823381e-02 3.749526e+00 9.996063e-01 -2.058446e-02 -1.906750e-02 1.687647e+01
-1.790171e-02 8.705928e-02 -9.960423e-01 -8.434039e+01 2.344516e-02 9.959645e-01 8.663111e-02 3.835070e+00 9.995648e-01 -2.180153e-02 -1.987059e-02 1.686034e+01
-1.776024e-02 8.677398e-02 -9.960697e-01 -8.559787e+01 2.627043e-02 9.959234e-01 8.629283e-02 3.922588e+00 9.994971e-01 -2.463460e-02 -1.996743e-02 1.682340e+01
-1.798651e-02 8.764302e-02 -9.959896e-01 -8.684341e+01 2.838220e-02 9.957940e-01 8.711326e-02 4.007965e+00 9.994353e-01 -2.670151e-02 -2.039836e-02 1.680482e+01
-1.700678e-02 8.963400e-02 -9.958296e-01 -8.810424e+01 2.857505e-02 9.956104e-01 8.912626e-02 4.090015e+00 9.994470e-01 -2.694013e-02 -1.949342e-02 1.673999e+01
-1.637446e-02 8.903887e-02 -9.958935e-01 -8.931130e+01 2.655704e-02 9.957144e-01 8.858621e-02 4.166293e+00 9.995132e-01 -2.499743e-02 -1.866890e-02 1.668911e+01
-1.629880e-02 8.739479e-02 -9.960404e-01 -9.048499e+01 2.539385e-02 9.958876e-01 8.696585e-02 4.237735e+00 9.995446e-01 -2.387586e-02 -1.845106e-02 1.666328e+01
-1.640548e-02 8.610367e-02 -9.961511e-01 -9.165409e+01 2.638003e-02 9.959756e-01 8.565405e-02 4.319080e+00 9.995174e-01 -2.487330e-02 -1.861087e-02 1.663916e+01
-1.635837e-02 8.342010e-02 -9.963802e-01 -9.283195e+01 2.956576e-02 9.961181e-01 8.291276e-02 4.390631e+00 9.994290e-01 -2.810242e-02 -1.876125e-02 1.661607e+01
-1.601579e-02 8.199473e-02 -9.965041e-01 -9.401367e+01 3.214197e-02 9.961590e-01 8.144976e-02 4.463245e+00 9.993550e-01 -3.072513e-02 -1.858975e-02 1.658156e+01
-1.513761e-02 8.299741e-02 -9.964348e-01 -9.518376e+01 3.382496e-02 9.960211e-01 8.244909e-02 4.535395e+00 9.993131e-01 -3.245628e-02 -1.788476e-02 1.654539e+01
-1.452563e-02 8.521604e-02 -9.962566e-01 -9.634969e+01 3.584562e-02 9.957657e-01 8.465141e-02 4.604319e+00 9.992518e-01 -3.448182e-02 -1.751875e-02 1.651700e+01
-1.396724e-02 8.645632e-02 -9.961577e-01 -9.753867e+01 3.471020e-02 9.956964e-01 8.592961e-02 4.691689e+00 9.992998e-01 -3.337664e-02 -1.690804e-02 1.648255e+01
-1.362680e-02 8.847950e-02 -9.959848e-01 -9.869494e+01 3.067636e-02 9.956454e-01 8.802964e-02 4.764613e+00 9.994365e-01 -2.935363e-02 -1.628169e-02 1.645250e+01
-1.218252e-02 8.936272e-02 -9.959246e-01 -9.988310e+01 2.890825e-02 9.956137e-01 8.898121e-02 4.843499e+00 9.995078e-01 -2.770642e-02 -1.471240e-02 1.639969e+01
-1.153828e-02 8.907017e-02 -9.959585e-01 -1.010519e+02 2.751749e-02 9.956759e-01 8.872610e-02 4.914744e+00 9.995547e-01 -2.638253e-02 -1.393938e-02 1.636291e+01
-1.152567e-02 8.803468e-02 -9.960507e-01 -1.022378e+02 2.813556e-02 9.957510e-01 8.768263e-02 4.998121e+00 9.995377e-01 -2.701384e-02 -1.395361e-02 1.634585e+01
-1.212530e-02 8.814267e-02 -9.960341e-01 -1.034035e+02 2.999418e-02 9.956911e-01 8.774718e-02 5.087334e+00 9.994765e-01 -2.881127e-02 -1.471682e-02 1.633449e+01
-1.215336e-02 8.755702e-02 -9.960854e-01 -1.046000e+02 3.178789e-02 9.956893e-01 8.713436e-02 5.176642e+00 9.994207e-01 -3.060448e-02 -1.488422e-02 1.632029e+01
-1.276357e-02 9.112713e-02 -9.957575e-01 -1.057677e+02 3.090484e-02 9.953988e-01 9.069817e-02 5.253762e+00 9.994408e-01 -2.961609e-02 -1.552111e-02 1.630057e+01
-1.264548e-02 9.538014e-02 -9.953606e-01 -1.069612e+02 3.186073e-02 9.949732e-01 9.493824e-02 5.342340e+00 9.994123e-01 -3.051238e-02 -1.562080e-02 1.626859e+01
-1.240764e-02 9.713064e-02 -9.951943e-01 -1.081557e+02 3.055490e-02 9.948430e-01 9.671541e-02 5.442220e+00 9.994561e-01 -2.920805e-02 -1.531147e-02 1.623492e+01
-1.219656e-02 9.730823e-02 -9.951796e-01 -1.094401e+02 2.650640e-02 9.949353e-01 9.695949e-02 5.552045e+00 9.995742e-01 -2.519606e-02 -1.471408e-02 1.618523e+01
-1.256792e-02 9.767159e-02 -9.951393e-01 -1.106558e+02 2.246518e-02 9.949943e-01 9.737363e-02 5.649925e+00 9.996686e-01 -2.113220e-02 -1.469922e-02 1.615069e+01
-1.977016e-03 1.013615e-01 -9.948477e-01 -1.111929e+02 1.233406e-02 9.947764e-01 1.013298e-01 5.593408e+00 9.999220e-01 -1.207018e-02 -3.216888e-03 1.541391e+01
-3.960092e-03 9.960657e-02 -9.950190e-01 -1.124145e+02 1.705733e-02 9.948888e-01 9.952564e-02 5.474834e+00 9.998467e-01 -1.657824e-02 -5.638874e-03 1.550328e+01
-4.322141e-03 9.883909e-02 -9.950940e-01 -1.136376e+02 1.921904e-02 9.949277e-01 9.873909e-02 5.578214e+00 9.998060e-01 -1.869799e-02 -6.199810e-03 1.548410e+01
-4.985848e-03 9.928792e-02 -9.950463e-01 -1.148336e+02 2.354841e-02 9.947943e-01 9.914479e-02 5.672198e+00 9.997103e-01 -2.293744e-02 -7.297966e-03 1.546703e+01
-5.437544e-03 9.891136e-02 -9.950814e-01 -1.160630e+02 2.394771e-02 9.948236e-01 9.875487e-02 5.760930e+00 9.996984e-01 -2.329293e-02 -7.778097e-03 1.545424e+01
-5.347111e-03 9.994878e-02 -9.949782e-01 -1.173285e+02 1.899001e-02 9.948232e-01 9.983115e-02 5.874422e+00 9.998054e-01 -1.836084e-02 -7.217458e-03 1.542845e+01
-6.242499e-03 1.000777e-01 -9.949600e-01 -1.185675e+02 1.555810e-02 9.948687e-01 9.997086e-02 5.973924e+00 9.998595e-01 -1.485562e-02 -7.767485e-03 1.541378e+01
-7.051084e-03 9.808368e-02 -9.951532e-01 -1.198529e+02 1.430673e-02 9.950860e-01 9.797569e-02 6.079228e+00 9.998728e-01 -1.354655e-02 -8.419692e-03 1.539284e+01
-7.184036e-03 1.006237e-01 -9.948986e-01 -1.211099e+02 1.590159e-02 9.948100e-01 1.004999e-01 6.180970e+00 9.998478e-01 -1.509847e-02 -8.746827e-03 1.537175e+01
-7.242956e-03 1.055373e-01 -9.943890e-01 -1.223477e+02 2.096791e-02 9.942124e-01 1.053658e-01 6.278742e+00 9.997539e-01 -2.008710e-02 -9.413933e-03 1.534525e+01
-6.715891e-03 1.107504e-01 -9.938256e-01 -1.236407e+02 2.463500e-02 9.935647e-01 1.105548e-01 6.380067e+00 9.996740e-01 -2.374042e-02 -9.401008e-03 1.530952e+01
-5.910688e-03 1.180635e-01 -9.929885e-01 -1.249394e+02 2.443280e-02 9.927264e-01 1.178869e-01 6.505282e+00 9.996840e-01 -2.356469e-02 -8.752318e-03 1.527405e+01
-5.274879e-03 1.206166e-01 -9.926852e-01 -1.262775e+02 2.256295e-02 9.924606e-01 1.204694e-01 6.632291e+00 9.997315e-01 -2.176244e-02 -7.956576e-03 1.524290e+01
-5.086087e-03 1.222210e-01 -9.924899e-01 -1.275719e+02 2.150708e-02 9.922865e-01 1.220857e-01 6.755135e+00 9.997558e-01 -2.072462e-02 -7.675472e-03 1.520263e+01
-5.060837e-03 1.211958e-01 -9.926157e-01 -1.288764e+02 2.155045e-02 9.924111e-01 1.210609e-01 6.859284e+00 9.997550e-01 -2.077864e-02 -7.634254e-03 1.516101e+01
-5.267219e-03 1.179624e-01 -9.930041e-01 -1.301374e+02 2.108238e-02 9.928103e-01 1.178275e-01 6.969527e+00 9.997639e-01 -2.031427e-02 -7.716277e-03 1.512972e+01
-5.491551e-03 1.180940e-01 -9.929872e-01 -1.313963e+02 2.191821e-02 9.927779e-01 1.179479e-01 7.087127e+00 9.997447e-01 -2.111678e-02 -8.040299e-03 1.510225e+01
-6.118486e-03 1.184712e-01 -9.929386e-01 -1.326838e+02 2.733523e-02 9.926060e-01 1.182631e-01 7.208925e+00 9.996076e-01 -2.641862e-02 -9.311684e-03 1.508183e+01
-6.701549e-03 1.165255e-01 -9.931651e-01 -1.339534e+02 3.117608e-02 9.927289e-01 1.162640e-01 7.338912e+00 9.994914e-01 -3.018384e-02 -1.028563e-02 1.505472e+01
-1.021841e-02 1.156136e-01 -9.932417e-01 -1.346774e+02 2.687161e-02 9.929666e-01 1.153052e-01 7.525255e+00 9.995867e-01 -2.551177e-02 -1.325326e-02 1.519107e+01
-9.635436e-03 1.159285e-01 -9.932108e-01 -1.359271e+02 2.516989e-02 9.929703e-01 1.156563e-01 7.649069e+00 9.996368e-01 -2.388461e-02 -1.248561e-02 1.518130e+01
-8.403254e-03 1.154728e-01 -9.932751e-01 -1.371843e+02 2.490530e-02 9.930262e-01 1.152332e-01 7.760717e+00 9.996545e-01 -2.376948e-02 -1.122054e-02 1.516331e+01
-7.112521e-03 1.159186e-01 -9.932332e-01 -1.384606e+02 2.432335e-02 9.929845e-01 1.157154e-01 7.875609e+00 9.996788e-01 -2.333573e-02 -9.882153e-03 1.513430e+01
-6.499229e-03 1.152594e-01 -9.933142e-01 -1.397335e+02 2.648219e-02 9.930066e-01 1.150504e-01 7.993166e+00 9.996282e-01 -2.555739e-02 -9.506098e-03 1.512036e+01
-5.649208e-03 1.162813e-01 -9.932003e-01 -1.410183e+02 3.037959e-02 9.927776e-01 1.160590e-01 8.110452e+00 9.995225e-01 -2.951738e-02 -9.140986e-03 1.510235e+01
-3.937061e-03 1.175340e-01 -9.930611e-01 -1.422998e+02 3.113687e-02 9.926016e-01 1.173562e-01 8.231495e+00 9.995074e-01 -3.045878e-02 -7.567576e-03 1.508286e+01
-2.736296e-03 1.193895e-01 -9.928437e-01 -1.435518e+02 2.820295e-02 9.924617e-01 1.192659e-01 8.357232e+00 9.995985e-01 -2.767478e-02 -6.082806e-03 1.506442e+01
-2.196301e-03 1.181458e-01 -9.929938e-01 -1.448062e+02 2.505941e-02 9.926909e-01 1.180543e-01 8.478980e+00 9.996836e-01 -2.462456e-02 -5.140912e-03 1.503534e+01
-1.544795e-03 1.152906e-01 -9.933306e-01 -1.460686e+02 2.329802e-02 9.930663e-01 1.152237e-01 8.607041e+00 9.997274e-01 -2.296464e-02 -4.220126e-03 1.499845e+01
-1.064907e-03 1.140003e-01 -9.934801e-01 -1.473143e+02 2.270789e-02 9.932273e-01 1.139469e-01 8.727291e+00 9.997416e-01 -2.243850e-02 -3.646400e-03 1.496818e+01
-1.438191e-03 1.110171e-01 -9.938175e-01 -1.485467e+02 2.309894e-02 9.935570e-01 1.109546e-01 8.839526e+00 9.997321e-01 -2.279655e-02 -3.993302e-03 1.495813e+01
-1.903540e-03 1.090469e-01 -9.940348e-01 -1.497748e+02 2.191919e-02 9.938023e-01 1.089794e-01 8.952055e+00 9.997579e-01 -2.158099e-02 -4.281962e-03 1.494844e+01
-1.377388e-03 1.080918e-01 -9.941400e-01 -1.510328e+02 2.224278e-02 9.938983e-01 1.080347e-01 9.065766e+00 9.997516e-01 -2.196363e-02 -3.773245e-03 1.492119e+01
-1.522977e-03 1.057475e-01 -9.943919e-01 -1.522944e+02 2.504711e-02 9.940851e-01 1.056765e-01 9.176716e+00 9.996851e-01 -2.474570e-02 -4.162636e-03 1.491106e+01
-1.350616e-03 1.031401e-01 -9.946659e-01 -1.535487e+02 2.649187e-02 9.943214e-01 1.030684e-01 9.281191e+00 9.996481e-01 -2.621136e-02 -4.075321e-03 1.489241e+01
-5.321821e-04 1.007440e-01 -9.949122e-01 -1.548100e+02 2.527442e-02 9.945959e-01 1.006985e-01 9.377009e+00 9.996804e-01 -2.509224e-02 -3.075553e-03 1.486355e+01
5.373749e-05 1.019822e-01 -9.947862e-01 -1.560732e+02 2.575120e-02 9.944562e-01 1.019497e-01 9.473001e+00 9.996684e-01 -2.562242e-02 -2.572723e-03 1.482512e+01
1.226615e-03 1.029395e-01 -9.946869e-01 -1.573591e+02 3.070387e-02 9.942148e-01 1.029285e-01 9.573563e+00 9.995278e-01 -3.066699e-02 -1.941123e-03 1.479613e+01
1.805046e-03 1.076953e-01 -9.941823e-01 -1.586058e+02 3.788508e-02 9.934628e-01 1.076861e-01 9.665829e+00 9.992805e-01 -3.785905e-02 -2.286799e-03 1.478682e+01
3.476356e-03 1.120688e-01 -9.936944e-01 -1.598430e+02 3.798723e-02 9.929683e-01 1.121198e-01 9.774450e+00 9.992722e-01 -3.813747e-02 -8.052722e-04 1.477363e+01
5.801853e-03 1.156199e-01 -9.932766e-01 -1.611294e+02 3.424440e-02 9.926877e-01 1.157513e-01 9.891623e+00 9.993966e-01 -3.468573e-02 1.800095e-03 1.474820e+01
7.763828e-03 1.174155e-01 -9.930525e-01 -1.624017e+02 2.843507e-02 9.926550e-01 1.175908e-01 1.001951e+01 9.995655e-01 -2.915047e-02 4.368085e-03 1.473526e+01
9.472203e-03 1.196244e-01 -9.927740e-01 -1.636903e+02 2.670322e-02 9.924342e-01 1.198383e-01 1.015338e+01 9.995985e-01 -2.764539e-02 6.206181e-03 1.472395e+01
1.133669e-02 1.143040e-01 -9.933811e-01 -1.649448e+02 2.376189e-02 9.931336e-01 1.145467e-01 1.027167e+01 9.996534e-01 -2.490320e-02 8.542769e-03 1.471807e+01
1.146880e-02 1.107715e-01 -9.937797e-01 -1.661734e+02 1.976509e-02 9.936258e-01 1.109825e-01 1.038076e+01 9.997389e-01 -2.091499e-02 9.206289e-03 1.472487e+01
1.108304e-02 1.049536e-01 -9.944154e-01 -1.674070e+02 1.625914e-02 9.943260e-01 1.051254e-01 1.050310e+01 9.998064e-01 -1.733345e-02 9.313697e-03 1.473563e+01
1.025902e-02 1.027266e-01 -9.946567e-01 -1.686684e+02 1.931037e-02 9.945032e-01 1.029099e-01 1.062135e+01 9.997609e-01 -2.026295e-02 8.218941e-03 1.473769e+01
1.173731e-02 1.031888e-01 -9.945925e-01 -1.699519e+02 2.553889e-02 9.943056e-01 1.034604e-01 1.073422e+01 9.996049e-01 -2.661513e-02 9.035149e-03 1.473072e+01
1.391150e-02 1.049372e-01 -9.943815e-01 -1.712082e+02 2.869624e-02 9.940263e-01 1.053011e-01 1.084302e+01 9.994914e-01 -2.999991e-02 1.081710e-02 1.473223e+01
1.648662e-02 1.057431e-01 -9.942568e-01 -1.724642e+02 2.537670e-02 9.940274e-01 1.061395e-01 1.095040e+01 9.995420e-01 -2.698084e-02 1.370474e-02 1.472958e+01
1.758894e-02 1.081384e-01 -9.939802e-01 -1.737217e+02 2.520186e-02 9.937702e-01 1.085615e-01 1.106724e+01 9.995276e-01 -2.695963e-02 1.475408e-02 1.472909e+01
1.852719e-02 1.060133e-01 -9.941921e-01 -1.750074e+02 2.664686e-02 9.939572e-01 1.064848e-01 1.117352e+01 9.994732e-01 -2.846496e-02 1.559031e-02 1.473849e+01
1.919697e-02 1.057489e-01 -9.942075e-01 -1.762191e+02 2.466216e-02 9.940381e-01 1.062071e-01 1.127620e+01 9.995115e-01 -2.655816e-02 1.647452e-02 1.474791e+01
2.113584e-02 1.055136e-01 -9.941932e-01 -1.774211e+02 2.318880e-02 9.940961e-01 1.059963e-01 1.137436e+01 9.995077e-01 -2.529447e-02 1.856433e-02 1.475004e+01
2.356684e-02 1.066845e-01 -9.940136e-01 -1.786250e+02 2.518133e-02 9.939109e-01 1.072705e-01 1.146830e+01 9.994051e-01 -2.755861e-02 2.073688e-02 1.475887e+01
2.550911e-02 1.061726e-01 -9.940205e-01 -1.797944e+02 2.687439e-02 9.939118e-01 1.068506e-01 1.156811e+01 9.993133e-01 -2.943936e-02 2.250048e-02 1.476756e+01
2.676664e-02 1.072952e-01 -9.938668e-01 -1.809520e+02 2.835060e-02 9.937417e-01 1.080452e-01 1.166747e+01 9.992396e-01 -3.106872e-02 2.355724e-02 1.477180e+01
2.703009e-02 1.065905e-01 -9.939355e-01 -1.820530e+02 2.991338e-02 9.937673e-01 1.073859e-01 1.175133e+01 9.991870e-01 -3.263463e-02 2.367314e-02 1.479576e+01
2.705970e-02 1.052084e-01 -9.940820e-01 -1.831288e+02 3.033696e-02 9.939016e-01 1.060151e-01 1.184779e+01 9.991734e-01 -3.302616e-02 2.370297e-02 1.481350e+01
2.757089e-02 1.051596e-01 -9.940731e-01 -1.841959e+02 2.996504e-02 9.939173e-01 1.059742e-01 1.191390e+01 9.991706e-01 -3.270924e-02 2.425207e-02 1.483444e+01
2.912265e-02 1.057522e-01 -9.939660e-01 -1.852454e+02 3.076043e-02 9.938220e-01 1.066381e-01 1.197426e+01 9.991024e-01 -3.368041e-02 2.568975e-02 1.485962e+01
3.006620e-02 1.059299e-01 -9.939189e-01 -1.862790e+02 3.184417e-02 9.937622e-01 1.068765e-01 1.204707e+01 9.990405e-01 -3.486390e-02 2.650540e-02 1.490384e+01
2.909368e-02 1.039889e-01 -9.941528e-01 -1.872603e+02 3.057633e-02 9.940158e-01 1.048694e-01 1.211652e+01 9.991089e-01 -3.344858e-02 2.573998e-02 1.492957e+01
2.576182e-02 1.022180e-01 -9.944284e-01 -1.882348e+02 2.755754e-02 9.943079e-01 1.029195e-01 1.219359e+01 9.992882e-01 -3.005540e-02 2.279830e-02 1.494343e+01
2.090985e-02 1.022372e-01 -9.945403e-01 -1.892261e+02 2.387226e-02 9.944231e-01 1.027270e-01 1.227508e+01 9.994963e-01 -2.588993e-02 1.835261e-02 1.495392e+01
1.507013e-02 1.033620e-01 -9.945296e-01 -1.901767e+02 2.024984e-02 9.944070e-01 1.036561e-01 1.235530e+01 9.996814e-01 -2.170117e-02 1.289278e-02 1.497978e+01
1.125829e-02 1.054671e-01 -9.943591e-01 -1.911497e+02 1.947949e-02 9.942102e-01 1.056719e-01 1.244077e+01 9.997469e-01 -2.055929e-02 9.138657e-03 1.498092e+01
8.605704e-03 1.069664e-01 -9.942254e-01 -1.920957e+02 2.066368e-02 9.940309e-01 1.071244e-01 1.251142e+01 9.997494e-01 -2.146623e-02 6.344016e-03 1.497265e+01
7.130932e-03 1.057408e-01 -9.943682e-01 -1.930545e+02 2.242589e-02 9.941264e-01 1.058759e-01 1.259463e+01 9.997231e-01 -2.305459e-02 4.717716e-03 1.495966e+01
5.891783e-03 1.028867e-01 -9.946756e-01 -1.940154e+02 2.379660e-02 9.943968e-01 1.029988e-01 1.268002e+01 9.996995e-01 -2.427674e-02 3.410416e-03 1.495433e+01
4.672271e-03 1.015506e-01 -9.948194e-01 -1.949544e+02 2.389499e-02 9.945349e-01 1.016338e-01 1.276319e+01 9.997036e-01 -2.424606e-02 2.220185e-03 1.494496e+01
3.421433e-03 1.016266e-01 -9.948167e-01 -1.958860e+02 2.282873e-02 9.945554e-01 1.016784e-01 1.283789e+01 9.997335e-01 -2.305828e-02 1.082800e-03 1.494624e+01
2.262216e-03 1.033112e-01 -9.946465e-01 -1.968243e+02 2.220475e-02 9.943986e-01 1.033360e-01 1.290502e+01 9.997509e-01 -2.231965e-02 -4.445572e-05 1.495305e+01
2.695396e-03 1.067866e-01 -9.942783e-01 -1.977604e+02 2.181333e-02 9.940391e-01 1.068201e-01 1.297858e+01 9.997584e-01 -2.197644e-02 3.499573e-04 1.494069e+01
3.627442e-03 1.096267e-01 -9.939662e-01 -1.986927e+02 1.983087e-02 9.937694e-01 1.096774e-01 1.306978e+01 9.997968e-01 -2.010906e-02 1.430847e-03 1.493467e+01
4.772322e-03 1.096066e-01 -9.939636e-01 -1.996209e+02 1.715362e-02 9.938197e-01 1.096731e-01 1.315087e+01 9.998415e-01 -1.757347e-02 2.862677e-03 1.492137e+01
5.772981e-03 1.093644e-01 -9.939850e-01 -2.005576e+02 1.448107e-02 9.938882e-01 1.094378e-01 1.323754e+01 9.998785e-01 -1.502575e-02 4.153985e-03 1.490785e+01
6.927570e-03 1.096986e-01 -9.939408e-01 -2.015297e+02 1.381766e-02 9.938592e-01 1.097859e-01 1.333601e+01 9.998805e-01 -1.449449e-02 5.369251e-03 1.489469e+01
